29644.0

29713.0

29787.0

29810.0

29908.0

29922.0

29840.0

29828.0

29706.0

29744.0

29718.0

29723.0

29810.0

29833.0

29811.0

29898.0

29884.0

29871.0

29999.0

29940.0

29905.0

29791.0

29765.0

29761.0

29726.0

29619.0

29642.0

29761.0

29857.0

29815.0

29795.0

29657.0

29701.0

29678.0

29768.0

29843.0

29819.0

29901.0

29856.0

29909.0

29918.0

29950.0

30416.0

30705.0

30702.0

30642.0

30785.0

30739.0

30813.0

30872.0

30922.0

30894.0

30855.0

30890.0

30807.0

30888.0

30941.0

30859.0

30937.0

31375.0

31488.0

31440.0

31425.0

31501.0

31558.0

31594.0

31629.0

31582.0

31552.0

31596.0

31592.0

31593.0

31793.0

31819.0

31885.0

31923.0

31884.0

31941.0

32062.0

32366.0

32027.0

32094.0

32118.0

32218.0

32319.0

32161.0

32017.0

31986.0

31819.0

31724.0

31740.0

31702.0

31846.0

31813.0

31962.0

31908.0

32030.0

32068.0

32114.0

32109.0

32230.0

32094.0

32372.0

32311.0

32107.0

32126.0

32048.0

32010.0

32026.0

31936.0

31956.0

32037.0

31979.0

31998.0

32178.0

32172.0

32134.0

32057.0

32020.0

32016.0

32075.0

32090.0

32093.0

32301.0

32235.0

32162.0

32265.0

32241.0

32195.0

32170.0

31852.0

31949.0

31908.0

31984.0

31921.0

31846.0

31923.0

31946.0

31896.0

32175.0

32226.0

32190.0

32153.0

32121.0

32194.0

32212.0

32315.0

32315.0

32442.0

32571.0

32387.0

32414.0

32440.0

32471.0

32424.0

32380.0

32347.0

32301.0

32336.0

32349.0

32390.0

32394.0

32333.0

32363.0

32293.0

32314.0

32459.0

32263.0

32199.0

32240.0

32221.0

32327.0

32368.0

32404.0

32378.0

32340.0

32388.0

32426.0

32689.0

32742.0

32703.0

32686.0

32663.0

32616.0

32577.0

32626.0

32699.0

32711.0

32755.0

32728.0

32763.0

32655.0

32625.0

32667.0

32628.0

32531.0

32492.0

32505.0

32494.0

32522.0

32408.0

32519.0

32471.0

32373.0

32299.0

32401.0

32451.0

32488.0

32423.0

32363.0

32451.0

32402.0

32480.0

32451.0

32491.0

32608.0

32579.0

32511.0

32517.0

32469.0

32424.0

32311.0

32153.0

32232.0

32206.0

32163.0

32191.0

32221.0

32253.0

32203.0

32201.0

32222.0

32295.0

32286.0

32479.0

32491.0

32520.0

32609.0

32674.0

32657.0

32825.0

33151.0

33256.0

33273.0

33510.0

33583.0

33565.0

33668.0

33617.0

33591.0

33599.0

33663.0

33753.0

33714.0

33679.0

33612.0

33645.0

33754.0

33688.0

33787.0

33726.0

33703.0

33777.0

33793.0

33798.0

33914.0

33945.0

33864.0

33857.0

33841.0

33764.0

33674.0

33709.0

33713.0

33864.0

33889.0

33895.0

33970.0

33943.0

33895.0

33857.0

33899.0

33898.0

33867.0

33888.0

33944.0

33882.0

33854.0

33844.0

33915.0

33941.0

34029.0

33940.0

33983.0

34169.0

34306.0

34451.0

34487.0

34306.0

34394.0

34415.0

34385.0

34308.0

34195.0

34129.0

33966.0

33886.0

33919.0

33956.0

33951.0

34009.0

34110.0

33984.0

34044.0

34055.0

34098.0

34186.0

34305.0

34461.0

34086.0

34015.0

34039.0

34052.0

33985.0

34132.0

34128.0

34277.0

34307.0

34276.0

34233.0

34316.0

34466.0

34449.0

34433.0

34370.0

34352.0

34452.0

34479.0

34533.0

34730.0

34786.0

34750.0

34741.0

34639.0

34636.0

34456.0

34459.0

34522.0

34558.0

34477.0

34428.0

34457.0

34418.0

34338.0

34370.0

34305.0

34354.0

34166.0

34194.0

34170.0

33985.0

34002.0

34251.0

34089.0

34231.0

34230.0

34267.0

34177.0

34256.0

34388.0

34437.0

34479.0

34459.0

34432.0

34466.0

34456.0

34420.0

34353.0

34432.0

34437.0

34463.0

34565.0

34570.0

34530.0

34532.0

34589.0

34742.0

34753.0

35228.0

35353.0

35711.0

35976.0

38311.0

37897.0

38416.0

38266.0

38202.0

38374.0

38089.0

38181.0

38188.0

38346.0

38397.0

38476.0

38328.0

38411.0

38504.0

38570.0

38939.0

38839.0

38738.0

38762.0

38179.0

38157.0

38062.0

38107.0

38308.0

38332.0

38182.0

38292.0

38220.0

38441.0

38615.0

38542.0

38483.0

38492.0

38649.0

38749.0

38315.0

38290.0

38351.0

38447.0

38479.0

38274.0

38334.0

38354.0

38603.0

38617.0

38842.0

39275.0

38925.0

39133.0

39365.0

39297.0

39627.0

39786.0

39737.0

40390.0

39875.0

38921.0

38390.0

38062.0

37505.0

37783.0

36970.0

37321.0

37060.0

37140.0

37580.0

37700.0

37435.0

37226.0

37350.0

37355.0

37391.0

37005.0

36902.0

36966.0

37117.0

36735.0

36494.0

36691.0

36767.0

36773.0

36923.0

36872.0

37039.0

37175.0

37090.0

37126.0

37239.0

37257.0

37079.0

37226.0

37082.0

37077.0

37322.0

37270.0

37298.0

37239.0

37436.0

37374.0

37374.0

37599.0

37634.0

37592.0

37856.0

37966.0

37998.0

38310.0

38433.0

38417.0

38677.0

38259.0

37930.0

38114.0

38275.0

38349.0

38169.0

38183.0

37755.0

37803.0

37675.0

37755.0

37825.0

37720.0

37648.0

37925.0

37907.0

37938.0

38083.0

38043.0

38007.0

38069.0

38028.0

38304.0

38349.0

38258.0

38315.0

39061.0

38984.0

39044.0

39069.0

39398.0

39318.0

39093.0

39023.0

39266.0

39637.0

39733.0

40032.0

39937.0

39648.0

39943.0

39889.0

39984.0

39780.0

39782.0

39851.0

40017.0

40110.0

40165.0

39838.0

39525.0

39662.0

39731.0

39880.0

39829.0

39732.0

39524.0

39584.0

39799.0

39804.0

39885.0

40166.0

40190.0

40204.0

40377.0

40703.0

40613.0

40655.0

39978.0

39823.0

39797.0

39602.0

39570.0

39773.0

39651.0

39513.0

39658.0

39788.0

39653.0

39813.0

39820.0

40065.0

40133.0

39241.0

39148.0

39624.0

40185.0

40532.0

40374.0

40405.0

40340.0

40074.0

40020.0

39955.0

39946.0

40080.0

40062.0

40095.0

39968.0

39754.0

40003.0

39907.0

39957.0

40011.0

39782.0

39585.0

39455.0

39590.0

39738.0

39802.0

39927.0

39769.0

39701.0

39665.0

39679.0

39899.0

40084.0

39961.0

39811.0

40153.0

40183.0

40137.0

40109.0

40051.0

40028.0

40048.0

39979.0

39865.0

40015.0

40004.0

40114.0

40267.0

40365.0

40475.0

40217.0

40163.0

40216.0

39776.0

39680.0

39670.0

39691.0

39686.0

39894.0

39876.0

39891.0

39725.0

39869.0

39959.0

40018.0

39947.0

39927.0

39926.0

39851.0

39730.0

39796.0

39746.0

39642.0

39640.0

39503.0

39555.0

39577.0

39546.0

39723.0

39767.0

39801.0

39755.0

39650.0

39597.0

39578.0

39745.0

39803.0

39936.0

40211.0

40146.0

39995.0

40063.0

40007.0

39915.0

39975.0

40045.0

40179.0

40137.0

40130.0

39996.0

40065.0

40069.0

39988.0

39912.0

39798.0

39811.0

39760.0

39761.0

39750.0

39762.0

39798.0

39851.0

39796.0

39860.0

39712.0

39765.0

39098.0

38679.0

38675.0

38566.0

38777.0

38659.0

38886.0

38904.0

38848.0

38837.0

38739.0

38828.0

38843.0

38814.0

38833.0

38955.0

38931.0

39007.0

39031.0

39016.0

39049.0

39101.0

39080.0

39093.0

39041.0

38994.0

39005.0

39059.0

39066.0

39139.0

39136.0

39131.0

39288.0

39319.0

39776.0

40218.0

40286.0

40734.0

40913.0

41396.0

41234.0

41101.0

41193.0

41415.0

41466.0

41646.0

42116.0

41901.0

41756.0

41961.0

41830.0

41908.0

41940.0

42125.0

41976.0

42027.0

41879.0

41843.0

41815.0

41723.0

41692.0

41788.0

41757.0

41482.0

41636.0

41499.0

41491.0

41594.0

41578.0

41567.0

41600.0

41633.0

41741.0

41710.0

41740.0

41618.0

41688.0

41709.0

41852.0

41780.0

41540.0

41622.0

41549.0

41661.0

41553.0

41654.0

41505.0

41483.0

41354.0

41504.0

41365.0

41350.0

41512.0

41520.0

41536.0

41448.0

41376.0

41316.0

41313.0

41277.0

41220.0

41387.0

41405.0

41383.0

41361.0

41366.0

41310.0

41296.0

41704.0

41627.0

41697.0

41828.0

41816.0

41751.0

41873.0

41881.0

41901.0

41810.0

41364.0

41634.0

41687.0

41739.0

41730.0

41761.0

41725.0

41700.0

41738.0

41906.0

41973.0

42333.0

42374.0

42296.0

42247.0

42138.0

41941.0

41927.0

41771.0

41847.0

41727.0

41761.0

41744.0

41816.0

41735.0

41815.0

41757.0

41774.0

41925.0

41870.0

41861.0

41780.0

41719.0

41560.0

41473.0

41595.0

41617.0

41747.0

41737.0

41599.0

41524.0

41478.0

41468.0

41524.0

41381.0

41321.0

41541.0

41461.0

41283.0

41009.0

40906.0

41325.0

41216.0

40992.0

41049.0

41243.0

41200.0

41056.0

41195.0

41458.0

41383.0

41416.0

41215.0

41272.0

41120.0

41120.0

41137.0

40901.0

40251.0

40347.0

40371.0

39895.0

39991.0

39985.0

39669.0

39451.0

39607.0

39746.0

39735.0

39718.0

39747.0

39906.0

39830.0

39779.0

39798.0

39744.0

39762.0

39742.0

39718.0

39818.0

39748.0

39763.0

39936.0

40245.0

40303.0

40095.0

40111.0

39928.0

39647.0

39551.0

39654.0

39549.0

39613.0

39631.0

39756.0

39681.0

39583.0

39567.0

39643.0

39338.0

39300.0

39291.0

39355.0

39492.0

39697.0

39614.0

39614.0

39690.0

39743.0

39723.0

39721.0

39951.0

39809.0

39855.0

39777.0

39783.0

39733.0

39699.0

39720.0

39712.0

39544.0

39443.0

39210.0

39060.0

38864.0

38957.0

39006.0

39260.0

39263.0

39450.0

39448.0

39497.0

39432.0

39408.0

39095.0

39060.0

39619.0

39286.0

39119.0

39042.0

38930.0

39071.0

39018.0

38967.0

38925.0

38675.0

38674.0

38862.0

38648.0

38260.0

38369.0

38273.0

38321.0

38495.0

38418.0

38425.0

38596.0

38634.0

38533.0

38682.0

38604.0

38551.0

38525.0

38561.0

38689.0

38662.0

38767.0

38773.0

38686.0

38533.0

38083.0

38383.0

38354.0

38510.0

38459.0

38609.0

38527.0

38593.0

38563.0

38361.0

38142.0

38215.0

38233.0

38172.0

38259.0

38538.0

38361.0

38230.0

38111.0

37957.0

38081.0

38200.0

38259.0

38296.0

38065.0

38115.0

38049.0

38148.0

38263.0

38263.0

38385.0

38463.0

38411.0

38564.0

38484.0

38382.0

38206.0

38169.0

38265.0

38445.0

38519.0

38452.0

38439.0

38226.0

38228.0

38151.0

38080.0

38068.0

38009.0

37992.0

37985.0

38050.0

38256.0

38125.0

37987.0

37992.0

38132.0

37854.0

37871.0

37792.0

37856.0

37871.0

37733.0

37742.0

37860.0

37876.0

37904.0

37871.0

37938.0

38173.0

38124.0

38205.0

38293.0

38385.0

38525.0

38895.0

38830.0

39219.0

39050.0

39133.0

39066.0

39228.0

39339.0

39332.0

39387.0

39414.0

39550.0

39385.0

39437.0

39387.0

39503.0

39611.0

39626.0

39575.0

39735.0

39700.0

39827.0

39752.0

39697.0

39842.0

39802.0

39860.0

39909.0

39939.0

39841.0

39674.0

39821.0

39804.0

39708.0

39722.0

39746.0

39520.0

39489.0

39403.0

39502.0

39401.0

39353.0

39486.0

39404.0

39399.0

39451.0

39529.0

39441.0

39400.0

39521.0

39409.0

39358.0

39263.0

39088.0

39051.0

38978.0

38895.0

38854.0

38889.0

38833.0

38562.0

38373.0

38184.0

38115.0

38176.0

38056.0

38052.0

38225.0

38101.0

38042.0

38087.0

37873.0

38163.0

37782.0

37898.0

37964.0

38428.0

38830.0

38957.0

39267.0

39035.0

38930.0

39290.0

39473.0

39822.0

40263.0

40428.0

40669.0

40551.0

40880.0

40940.0

41240.0

40802.0

41019.0

40965.0

40927.0

40987.0

40817.0

40897.0

40943.0

40847.0

40958.0

41009.0

41121.0

40915.0

40959.0

40787.0

40392.0

40211.0

40208.0

40510.0

40597.0

40366.0

40362.0

40463.0

40582.0

40281.0

40327.0

40080.0

40093.0

40285.0

40278.0

40492.0

40521.0

41134.0

40830.0

41078.0

40779.0

40880.0

40709.0

40889.0

41030.0

40915.0

40829.0

40663.0

40706.0

40541.0

40764.0

40599.0

40579.0

40628.0

40478.0

40898.0

40759.0

40834.0

41003.0

40896.0

40861.0

40782.0

40857.0

40852.0

41537.0

41810.0

42591.0

42566.0

42508.0

42578.0

42740.0

42987.0

42874.0

42772.0

42876.0

42840.0

42861.0

42964.0

42934.0

42804.0

42781.0

42694.0

42597.0

42643.0

42548.0

42698.0

42636.0

42698.0

42701.0

42812.0

42791.0

42830.0

42935.0

43117.0

43033.0

43137.0

43170.0

43312.0

43265.0

43277.0

43150.0

43328.0

43694.0

43650.0

43594.0

43398.0

43331.0

43607.0

43389.0

43376.0

43200.0

43287.0

43211.0

43234.0

43225.0

43397.0

43391.0

43569.0

43568.0

43741.0

43636.0

43767.0

43672.0

43586.0

43684.0

43754.0

43901.0

44381.0

43924.0

43312.0

43402.0

43475.0

43349.0

43469.0

43572.0

43401.0

43572.0

43510.0

43243.0

42774.0

43459.0

43648.0

43466.0

43433.0

43339.0

43447.0

43555.0

43633.0

43611.0

43542.0

43908.0

43906.0

43980.0

44102.0

44173.0

44095.0

43846.0

43987.0

44116.0

44122.0

44276.0

44491.0

44474.0

44654.0

44320.0

44511.0

44150.0

43981.0

44023.0

43938.0

43988.0

43986.0

44244.0

44160.0

44349.0

44400.0

44284.0

44271.0

44481.0

44685.0

44901.0

44904.0

45176.0

45004.0

45186.0

44959.0

44891.0

44779.0

44713.0

44607.0

44662.0

44727.0

44786.0

44332.0

44303.0

44502.0

44523.0

44542.0

44580.0

44778.0

44842.0

45101.0

44914.0

44732.0

44722.0

44511.0

44170.0

44011.0

44142.0

44090.0

43958.0

44242.0

44020.0

43746.0

43830.0

43907.0

43667.0

43713.0

43737.0

43603.0

43491.0

43771.0

43696.0

44096.0

43795.0

43995.0

43988.0

44170.0

44275.0

44421.0

44315.0

44374.0

44149.0

43833.0

43957.0

43486.0

43219.0

43154.0

43143.0

43164.0

43212.0

43334.0

43368.0

43462.0

43411.0

43591.0

43579.0

43363.0

43582.0

43633.0

43706.0

43588.0

43617.0

43417.0

43502.0

43626.0

43490.0

43657.0

43847.0

43695.0

43777.0

43743.0

44575.0

44668.0

45085.0

44882.0

45536.0

45656.0

45626.0

45700.0

45860.0

45715.0

45679.0

45816.0

45810.0

45805.0

45495.0

46000.0

45774.0

45773.0

45942.0

45918.0

45948.0

45908.0

45815.0

45923.0

45851.0

45865.0

45902.0

45982.0

46360.0

46207.0

46302.0

46195.0

46150.0

46378.0

45880.0

45613.0

45196.0

45929.0

