29706.0

29758.0

29804.0

29957.0

29894.0

29835.0

29863.0

29816.0

29725.0

29718.0

29709.0

29802.0

29808.0

29853.0

29867.0

29899.0

29891.0

29984.0

29991.0

29924.0

29812.0

29692.0

29793.0

29721.0

29720.0

29589.0

29717.0

29817.0

29834.0

29850.0

29705.0

29638.0

29659.0

29760.0

29768.0

29840.0

29846.0

29896.0

29896.0

29912.0

29930.0

30288.0

30682.0

30728.0

30653.0

30729.0

30770.0

30824.0

30820.0

30921.0

30890.0

30871.0

30867.0

30822.0

30870.0

30875.0

30867.0

30882.0

30944.0

31505.0

31481.0

31429.0

31507.0

31541.0

31577.0

31655.0

31625.0

31578.0

31578.0

31568.0

31583.0

31774.0

31692.0

31890.0

31895.0

31919.0

31992.0

32025.0

32219.0

32228.0

32065.0

32074.0

32210.0

32578.0

32156.0

32182.0

31790.0

31799.0

31783.0

31708.0

31672.0

31776.0

31820.0

31815.0

31935.0

31957.0

32095.0

32111.0

32105.0

32168.0

32229.0

32264.0

32348.0

32182.0

32099.0

32106.0

32093.0

31979.0

31951.0

31968.0

32095.0

32008.0

32017.0

32066.0

32242.0

32108.0

32062.0

32055.0

31960.0

32125.0

32071.0

32063.0

32294.0

32274.0

32148.0

32182.0

32260.0

32202.0

32140.0

32111.0

31944.0

31955.0

31933.0

32009.0

31840.0

31862.0

31971.0

31933.0

31934.0

32148.0

32242.0

32183.0

32148.0

32131.0

32132.0

32220.0

32270.0

32379.0

32514.0

32460.0

32405.0

32402.0

32500.0

32455.0

32451.0

32432.0

32314.0

32350.0

32328.0

32321.0

32400.0

32338.0

32320.0

32315.0

32287.0

32310.0

32281.0

32264.0

32223.0

32287.0

32287.0

32333.0

32385.0

32295.0

32307.0

32388.0

32430.0

32475.0

32660.0

32737.0

32631.0

32674.0

32635.0

32621.0

32605.0

32680.0

32753.0

32697.0

32781.0

32830.0

32724.0

32595.0

32656.0

32623.0

32542.0

32490.0

32532.0

32523.0

32535.0

32510.0

32461.0

32486.0

32418.0

32356.0

32326.0

32372.0

32463.0

32431.0

32379.0

32330.0

32437.0

32464.0

32456.0

32492.0

32580.0

32567.0

32574.0

32506.0

32466.0

32431.0

32396.0

32195.0

32178.0

32228.0

32148.0

32145.0

32214.0

32236.0

32282.0

32188.0

32229.0

32257.0

32307.0

32456.0

32440.0

32520.0

32582.0

32640.0

32685.0

32771.0

32863.0

33199.0

33253.0

33429.0

33543.0

33536.0

33590.0

33664.0

33594.0

33518.0

33667.0

33723.0

33708.0

33711.0

33629.0

33634.0

33669.0

33706.0

33737.0

33767.0

33694.0

33731.0

33792.0

33807.0

33841.0

33911.0

33894.0

33837.0

33868.0

33749.0

33795.0

33670.0

33714.0

33770.0

33887.0

33868.0

33944.0

33974.0

33934.0

33816.0

33891.0

33877.0

33846.0

33879.0

33948.0

33929.0

33869.0

33835.0

33870.0

33936.0

33986.0

33964.0

33974.0

33954.0

34252.0

34459.0

34492.0

34402.0

34325.0

34467.0

34410.0

34338.0

34315.0

34174.0

33936.0

33976.0

33925.0

33976.0

33988.0

33982.0

34148.0

34018.0

33990.0

34049.0

34015.0

34124.0

34277.0

34424.0

34203.0

34030.0

34133.0

34060.0

33992.0

34030.0

34182.0

34197.0

34332.0

34306.0

34263.0

34250.0

34375.0

34431.0

34465.0

34330.0

34353.0

34429.0

34456.0

34464.0

34609.0

34771.0

34776.0

34790.0

34693.0

34581.0

34573.0

34494.0

34515.0

34608.0

34548.0

34374.0

34482.0

34406.0

34414.0

34335.0

34411.0

34330.0

34307.0

34162.0

34239.0

34103.0

33989.0

34015.0

34162.0

34122.0

34232.0

34225.0

34229.0

34180.0

34333.0

34419.0

34456.0

34469.0

34456.0

34424.0

34398.0

34554.0

34388.0

34444.0

34404.0

34441.0

34508.0

34579.0

34554.0

34542.0

34597.0

34583.0

34712.0

34934.0

35253.0

35676.0

35808.0

36180.0

37916.0

38024.0

38321.0

38137.0

38263.0

38313.0

38146.0

38132.0

38195.0

38348.0

38290.0

38473.0

38365.0

38391.0

38486.0

38767.0

39143.0

38683.0

38791.0

38588.0

38238.0

37988.0

38129.0

38176.0

38309.0

38264.0

38165.0

38254.0

38250.0

38473.0

38559.0

38481.0

38468.0

38561.0

38824.0

38703.0

38162.0

38239.0

38363.0

38466.0

38395.0

38340.0

38323.0

38477.0

38565.0

38768.0

39179.0

39126.0

38930.0

39193.0

39222.0

39445.0

39606.0

39773.0

40176.0

40211.0

39807.0

38476.0

38103.0

37719.0

37735.0

37540.0

37303.0

37285.0

37146.0

37363.0

37549.0

37582.0

37323.0

37150.0

37364.0

37295.0

37210.0

37092.0

37001.0

37047.0

36932.0

36726.0

36601.0

36728.0

36887.0

36995.0

36844.0

37025.0

36981.0

37162.0

37169.0

37216.0

37285.0

37049.0

37111.0

37042.0

37070.0

37220.0

37390.0

37328.0

37288.0

37276.0

37452.0

37339.0

37542.0

37678.0

37580.0

37662.0

37987.0

37928.0

38151.0

38417.0

38343.0

38465.0

38546.0

37875.0

38310.0

38195.0

38431.0

38199.0

38188.0

37912.0

37869.0

37692.0

37742.0

37841.0

37803.0

37611.0

37968.0

37943.0

37945.0

38109.0

38072.0

37994.0

38047.0

38019.0

38246.0

38442.0

38328.0

38274.0

38458.0

39204.0

39073.0

38990.0

39179.0

39258.0

39197.0

39123.0

39253.0

39281.0

39775.0

40080.0

39889.0

39933.0

39818.0

40219.0

39874.0

39793.0

39735.0

39859.0

39983.0

39983.0

40103.0

39933.0

39844.0

39525.0

39705.0

39664.0

39858.0

39792.0

39646.0

39553.0

39738.0

39805.0

39801.0

40156.0

40092.0

40246.0

40369.0

40751.0

40721.0

40687.0

40715.0

39826.0

39803.0

39606.0

39616.0

39769.0

39688.0

39510.0

39591.0

39677.0

39746.0

39829.0

39836.0

40087.0

40182.0

39545.0

39061.0

39356.0

39629.0

40341.0

40425.0

40255.0

40425.0

40141.0

39858.0

40145.0

39986.0

39973.0

40152.0

40158.0

39977.0

39722.0

39756.0

39949.0

40020.0

40123.0

39887.0

39756.0

39601.0

39508.0

39678.0

39810.0

39884.0

39836.0

39757.0

39614.0

39699.0

39743.0

39975.0

40038.0

39857.0

39907.0

40165.0

40158.0

40134.0

40091.0

40055.0

40075.0

40019.0

39853.0

39896.0

39986.0

40110.0

40175.0

40481.0

40361.0

40337.0

40234.0

40220.0

40171.0

39831.0

39657.0

39693.0

39707.0

39870.0

39953.0

39867.0

39940.0

39819.0

39917.0

40064.0

40020.0

39993.0

39893.0

39877.0

39779.0

39824.0

39735.0

39857.0

39672.0

39514.0

39537.0

39621.0

39557.0

39708.0

39694.0

39773.0

39752.0

39736.0

39661.0

39560.0

39714.0

39770.0

39793.0

39926.0

40253.0

40017.0

39899.0

40040.0

39954.0

40011.0

39990.0

40073.0

40211.0

40142.0

40010.0

40032.0

40040.0

40012.0

39919.0

39935.0

39744.0

39760.0

39724.0

39776.0

39699.0

39828.0

39787.0

39865.0

39854.0

39755.0

39714.0

39696.0

38715.0

38646.0

38539.0

38694.0

38691.0

38792.0

38948.0

38852.0

38954.0

38747.0

38841.0

38821.0

38815.0

38770.0

38824.0

38936.0

39068.0

39027.0

39058.0

38995.0

39073.0

39087.0

39035.0

39082.0

39010.0

39052.0

39045.0

39056.0

39022.0

39160.0

39127.0

39170.0

39352.0

39400.0

40023.0

40239.0

40864.0

40970.0

41055.0

41188.0

41231.0

41246.0

41314.0

41504.0

41565.0

41954.0

41984.0

41912.0

41920.0

41847.0

41836.0

41968.0

41942.0

42071.0

42003.0

42034.0

41835.0

41840.0

41665.0

41737.0

41766.0

41733.0

41357.0

41452.0

41588.0

41440.0

41526.0

41620.0

41551.0

41562.0

41685.0

41759.0

41757.0

41784.0

41673.0

41649.0

41689.0

41758.0

41786.0

41807.0

41672.0

41614.0

41643.0

41613.0

41587.0

41609.0

41488.0

41395.0

41377.0

41476.0

41358.0

41540.0

41484.0

41579.0

41583.0

41380.0

41327.0

41356.0

41282.0

41201.0

41221.0

41400.0

41416.0

41347.0

41485.0

41326.0

41247.0

41436.0

41589.0

41658.0

41748.0

41891.0

41798.0

41829.0

41905.0

41919.0

41888.0

41766.0

41481.0

41603.0

41751.0

41845.0

41758.0

41733.0

41727.0

41725.0

41796.0

41965.0

42215.0

42369.0

42389.0

42297.0

42250.0

41843.0

41896.0

41882.0

41782.0

41824.0

41778.0

41766.0

41785.0

41710.0

41776.0

41763.0

41729.0

41859.0

41899.0

41883.0

41803.0

41709.0

41654.0

41476.0

41505.0

41601.0

41723.0

41696.0

41669.0

41549.0

41517.0

41480.0

41503.0

41394.0

41423.0

41389.0

41504.0

41267.0

41173.0

40887.0

41219.0

41191.0

41027.0

41063.0

41051.0

41167.0

41102.0

40939.0

41381.0

41416.0

41474.0

41288.0

41314.0

41177.0

41301.0

41125.0

41136.0

40397.0

40325.0

40385.0

39889.0

40057.0

40061.0

39917.0

39654.0

39667.0

39713.0

39694.0

39633.0

39692.0

39785.0

39862.0

39768.0

39800.0

39752.0

39829.0

39714.0

39747.0

39714.0

39789.0

39705.0

39749.0

40269.0

40345.0

40176.0

40119.0

39970.0

39704.0

39632.0

39549.0

39546.0

39634.0

39669.0

39751.0

39790.0

39547.0

39625.0

39568.0

39336.0

39191.0

39377.0

39239.0

39379.0

39478.0

39675.0

39647.0

39701.0

39764.0

39805.0

39753.0

39785.0

39900.0

39759.0

39735.0

39815.0

39735.0

39661.0

39775.0

39674.0

39717.0

39499.0

39249.0

38934.0

38974.0

38883.0

39011.0

38964.0

39310.0

39305.0

39503.0

39444.0

39496.0

39430.0

39226.0

38926.0

39471.0

39601.0

39204.0

39131.0

38981.0

39011.0

39030.0

39060.0

38991.0

38862.0

38638.0

38703.0

38787.0

38573.0

38197.0

38322.0

38349.0

38418.0

38374.0

38480.0

38449.0

38639.0

38610.0

38489.0

38667.0

38639.0

38490.0

38579.0

38626.0

38633.0

38623.0

38753.0

38687.0

38577.0

38549.0

38265.0

38206.0

38449.0

38526.0

38507.0

38586.0

38527.0

38679.0

38326.0

38191.0

38145.0

38160.0

38077.0

38236.0

38431.0

38455.0

38332.0

38155.0

37978.0

38042.0

38151.0

38229.0

38316.0

38187.0

38006.0

38179.0

38073.0

38205.0

38399.0

38348.0

38416.0

38535.0

38310.0

38536.0

38389.0

38279.0

38119.0

38160.0

38422.0

38474.0

38568.0

38414.0

38324.0

38186.0

38171.0

38109.0

38086.0

38073.0

37936.0

37946.0

38097.0

38183.0

38238.0

38098.0

37916.0

37960.0

37925.0

37854.0

37808.0

37811.0

37940.0

37765.0

37730.0

37838.0

37804.0

37864.0

37825.0

37946.0

38025.0

38162.0

38193.0

38195.0

38394.0

38448.0

38656.0

38914.0

39108.0

39151.0

39069.0

39091.0

39173.0

39469.0

39289.0

39303.0

39508.0

39431.0

39504.0

39418.0

39474.0

39411.0

39717.0

39602.0

39653.0

39663.0

39706.0

39768.0

39776.0

39732.0

39670.0

39895.0

39799.0

39867.0

39945.0

39931.0

39660.0

39715.0

39904.0

39802.0

39845.0

39707.0

39706.0

39422.0

39373.0

39390.0

39472.0

39438.0

39388.0

39467.0

39360.0

39451.0

39529.0

39429.0

39383.0

39479.0

39459.0

39404.0

39352.0

39220.0

39109.0

39030.0

38857.0

38856.0

38956.0

38878.0

38644.0

38620.0

38221.0

38078.0

38238.0

38034.0

38070.0

38237.0

38205.0

38063.0

38145.0

37977.0

37695.0

37855.0

37934.0

37792.0

38314.0

38420.0

38888.0

39271.0

39340.0

38740.0

39294.0

39133.0

39664.0

40132.0

40274.0

40483.0

40551.0

40885.0

40819.0

41281.0

41218.0

40734.0

40967.0

41024.0

40979.0

40855.0

40986.0

40848.0

40939.0

40915.0

40938.0

41059.0

40984.0

40906.0

40825.0

40571.0

40181.0

40134.0

40257.0

40668.0

40405.0

40468.0

40382.0

40557.0

40424.0

40266.0

40137.0

40005.0

40132.0

40277.0

40421.0

40548.0

40965.0

40882.0

40876.0

40863.0

40954.0

40820.0

40917.0

40835.0

41063.0

40876.0

40847.0

40650.0

40556.0

40512.0

40788.0

40630.0

40739.0

40587.0

40881.0

40917.0

40775.0

40960.0

40971.0

40855.0

40815.0

40767.0

40801.0

40952.0

41685.0

41862.0

42780.0

42511.0

42429.0

42615.0

42913.0

42921.0

42793.0

42869.0

42769.0

42899.0

42930.0

42896.0

42853.0

42800.0

42707.0

42613.0

42630.0

42586.0

42630.0

42636.0

42713.0

42715.0

42785.0

42810.0

42838.0

42832.0

43059.0

42940.0

43039.0

43198.0

43215.0

43312.0

43177.0

43298.0

43320.0

43669.0

43871.0

43636.0

43454.0

43372.0

43412.0

43527.0

43504.0

43258.0

43238.0

43153.0

43225.0

43353.0

43337.0

43341.0

43456.0

43540.0

43690.0

43686.0

43809.0

43654.0

43671.0

43506.0

43717.0

43792.0

44339.0

44367.0

43626.0

43344.0

43646.0

43356.0

43403.0

43447.0

43534.0

43596.0

43574.0

43376.0

43027.0

42903.0

43632.0

43569.0

43387.0

43422.0

43412.0

43568.0

43634.0

43713.0

43617.0

43612.0

43756.0

43915.0

43954.0

44136.0

44291.0

44099.0

43808.0

44019.0

43991.0

44189.0

44381.0

44601.0

44695.0

44355.0

44440.0

44284.0

44084.0

44013.0

44005.0

44024.0

44054.0

44094.0

44256.0

44297.0

44384.0

44380.0

44253.0

44429.0

44469.0

44699.0

44729.0

44972.0

45102.0

45125.0

44918.0

44983.0

44965.0

44739.0

44691.0

44748.0

44813.0

44688.0

44623.0

44405.0

44432.0

44434.0

44641.0

44526.0

44623.0

44848.0

45012.0

44938.0

44805.0

44683.0

44686.0

44338.0

44166.0

44072.0

43973.0

44144.0

44278.0

44098.0

43758.0

43653.0

43870.0

43841.0

43777.0

43886.0

43737.0

43441.0

43832.0

43584.0

43901.0

43899.0

44010.0

43927.0

44107.0

44173.0

44479.0

44315.0

44375.0

44407.0

44193.0

43840.0

43491.0

43429.0

43257.0

42933.0

43255.0

43192.0

43266.0

43279.0

43480.0

43414.0

43498.0

43588.0

43441.0

43532.0

43534.0

43710.0

43657.0

43489.0

43502.0

43424.0

43512.0

43621.0

43478.0

43718.0

43739.0

43752.0

43833.0

44090.0

44585.0

44921.0

45142.0

45125.0

45535.0

45769.0

45597.0

45927.0

45728.0

45754.0

45693.0

45747.0

45870.0

45507.0

45995.0

45750.0

45618.0

45865.0

45889.0

45987.0

45816.0

45825.0

45911.0

45840.0

45845.0

45893.0

45927.0

46109.0

46307.0

46354.0

46263.0

46063.0

46245.0

45721.0

45670.0

45406.0

45378.0

45787.0

