29710.0

29695.0

29789.0

29929.0

29907.0

29878.0

29856.0

29830.0

29710.0

29729.0

29711.0

29714.0

29813.0

29835.0

29816.0

29904.0

29886.0

29925.0

29991.0

29938.0

29908.0

29725.0

29761.0

29740.0

29704.0

29610.0

29658.0

29802.0

29866.0

29856.0

29717.0

29654.0

29731.0

29744.0

29763.0

29855.0

29840.0

29900.0

29859.0

29908.0

29903.0

29965.0

30645.0

30724.0

30682.0

30743.0

30792.0

30739.0

30822.0

30861.0

30909.0

30884.0

30855.0

30861.0

30862.0

30879.0

30903.0

30890.0

30947.0

31536.0

31477.0

31445.0

31448.0

31541.0

31554.0

31695.0

31619.0

31587.0

31584.0

31581.0

31596.0

31701.0

31716.0

31855.0

31917.0

31925.0

31934.0

31981.0

32103.0

32306.0

31997.0

32079.0

32230.0

32244.0

32303.0

32221.0

31965.0

31837.0

31773.0

31719.0

31727.0

31774.0

31810.0

31810.0

31941.0

31887.0

32156.0

32125.0

32132.0

32126.0

32249.0

32180.0

32405.0

32269.0

32092.0

32140.0

32094.0

32031.0

32018.0

31926.0

31965.0

32024.0

32018.0

32060.0

32229.0

32154.0

32095.0

32043.0

31968.0

32091.0

32103.0

32078.0

32237.0

32319.0

32213.0

32173.0

32285.0

32207.0

32158.0

32199.0

31916.0

31971.0

31923.0

32004.0

31891.0

31860.0

31993.0

31938.0

31863.0

32137.0

32246.0

32193.0

32150.0

32122.0

32179.0

32186.0

32301.0

32411.0

32472.0

32502.0

32368.0

32437.0

32469.0

32460.0

32438.0

32364.0

32331.0

32321.0

32338.0

32323.0

32366.0

32368.0

32320.0

32354.0

32307.0

32304.0

32406.0

32258.0

32199.0

32254.0

32255.0

32330.0

32368.0

32344.0

32355.0

32364.0

32404.0

32428.0

32644.0

32744.0

32658.0

32668.0

32646.0

32617.0

32585.0

32631.0

32704.0

32694.0

32758.0

32772.0

32693.0

32609.0

32629.0

32649.0

32535.0

32473.0

32522.0

32510.0

32506.0

32518.0

32452.0

32519.0

32428.0

32423.0

32327.0

32390.0

32479.0

32482.0

32403.0

32324.0

32413.0

32427.0

32449.0

32481.0

32566.0

32576.0

32560.0

32518.0

32492.0

32439.0

32428.0

32278.0

32184.0

32241.0

32168.0

32166.0

32185.0

32200.0

32279.0

32185.0

32218.0

32255.0

32303.0

32335.0

32443.0

32493.0

32517.0

32645.0

32670.0

32697.0

32900.0

33098.0

33244.0

33416.0

33529.0

33574.0

33606.0

33649.0

33593.0

33525.0

33588.0

33677.0

33713.0

33735.0

33653.0

33635.0

33638.0

33714.0

33738.0

33812.0

33686.0

33732.0

33792.0

33816.0

33848.0

33937.0

33923.0

33844.0

33863.0

33797.0

33777.0

33667.0

33734.0

33769.0

33863.0

33874.0

33934.0

33961.0

33928.0

33822.0

33839.0

33874.0

33856.0

33873.0

33960.0

33933.0

33867.0

33835.0

33868.0

33942.0

33960.0

34009.0

33934.0

33956.0

34226.0

34370.0

34486.0

34394.0

34327.0

34426.0

34383.0

34353.0

34302.0

34190.0

33944.0

33981.0

33839.0

33957.0

33981.0

33954.0

34140.0

34081.0

33986.0

34058.0

34040.0

34106.0

34254.0

34349.0

34274.0

33993.0

34098.0

34031.0

34019.0

34022.0

34142.0

34182.0

34289.0

34344.0

34257.0

34275.0

34328.0

34440.0

34449.0

34361.0

34351.0

34396.0

34450.0

34475.0

34565.0

34709.0

34807.0

34774.0

34739.0

34572.0

34604.0

34467.0

34471.0

34593.0

34563.0

34368.0

34447.0

34411.0

34449.0

34314.0

34368.0

34316.0

34370.0

34134.0

34213.0

34102.0

33981.0

33968.0

34216.0

34123.0

34257.0

34218.0

34230.0

34150.0

34263.0

34424.0

34440.0

34428.0

34463.0

34432.0

34349.0

34516.0

34409.0

34388.0

34412.0

34423.0

34463.0

34571.0

34569.0

34507.0

34576.0

34587.0

34798.0

34958.0

35241.0

35392.0

35781.0

35925.0

38413.0

38075.0

38352.0

38094.0

38332.0

38373.0

38113.0

38160.0

38165.0

38275.0

38332.0

38489.0

38307.0

38423.0

38529.0

38557.0

39059.0

38894.0

38756.0

38544.0

38193.0

37955.0

38072.0

38130.0

38330.0

38281.0

38154.0

38295.0

38267.0

38439.0

38598.0

38500.0

38464.0

38437.0

38794.0

38736.0

38241.0

38284.0

38361.0

38445.0

38403.0

38323.0

38304.0

38406.0

38589.0

38646.0

39176.0

39106.0

38882.0

39198.0

39328.0

39421.0

39664.0

39869.0

39998.0

40344.0

39792.0

38694.0

37916.0

38132.0

37692.0

37639.0

37244.0

37352.0

37029.0

37254.0

37465.0

37584.0

37342.0

37442.0

37401.0

37338.0

37298.0

37072.0

37057.0

37029.0

37064.0

36764.0

36529.0

36714.0

36888.0

36805.0

36900.0

37037.0

37035.0

37203.0

37119.0

37206.0

37306.0

37154.0

37108.0

37148.0

37040.0

37168.0

37384.0

37329.0

37308.0

37302.0

37446.0

37355.0

37427.0

37566.0

37613.0

37653.0

37896.0

37866.0

38012.0

38381.0

38358.0

38439.0

38635.0

37983.0

38209.0

38094.0

38367.0

38209.0

38210.0

38200.0

37879.0

37753.0

37666.0

37800.0

37838.0

37539.0

37900.0

37930.0

37990.0

38035.0

38086.0

38076.0

38087.0

38056.0

38057.0

38392.0

38338.0

38251.0

38476.0

39064.0

39043.0

39016.0

39015.0

39236.0

39172.0

39071.0

39118.0

39294.0

39670.0

39844.0

39908.0

39913.0

39671.0

40115.0

39866.0

39916.0

39734.0

39772.0

39859.0

40006.0

40100.0

40099.0

39841.0

39501.0

39743.0

39712.0

39911.0

39806.0

39670.0

39537.0

39707.0

39804.0

39836.0

40047.0

40120.0

40199.0

40313.0

40648.0

40722.0

40561.0

40652.0

39996.0

39908.0

39685.0

39542.0

39622.0

39716.0

39679.0

39529.0

39620.0

39810.0

39748.0

39912.0

39923.0

40170.0

39821.0

39282.0

39250.0

39578.0

40374.0

40391.0

40117.0

40409.0

40118.0

40024.0

40116.0

40077.0

39948.0

40097.0

40166.0

40050.0

39784.0

39824.0

39882.0

40014.0

39964.0

39954.0

39761.0

39686.0

39430.0

39666.0

39811.0

39830.0

39928.0

39816.0

39631.0

39681.0

39766.0

39978.0

40112.0

39935.0

39809.0

40127.0

40190.0

40110.0

40122.0

40061.0

40058.0

40020.0

39893.0

39895.0

40035.0

40024.0

40127.0

40579.0

40359.0

40389.0

40173.0

40205.0

40203.0

39750.0

39664.0

39718.0

39735.0

39765.0

39930.0

39869.0

39930.0

39776.0

39885.0

40053.0

40042.0

39959.0

39944.0

39909.0

39796.0

39742.0

39756.0

39779.0

39673.0

39547.0

39521.0

39528.0

39544.0

39603.0

39709.0

39757.0

39741.0

39758.0

39644.0

39615.0

39654.0

39756.0

39823.0

39944.0

40307.0

39993.0

39902.0

40088.0

39944.0

39958.0

39967.0

40093.0

40197.0

40153.0

40089.0

40030.0

40092.0

40018.0

39941.0

39907.0

39807.0

39814.0

39703.0

39729.0

39723.0

39799.0

39780.0

39837.0

39835.0

39818.0

39684.0

39734.0

38995.0

38627.0

38449.0

38610.0

38737.0

38749.0

38922.0

38883.0

38893.0

38850.0

38781.0

38822.0

38863.0

38752.0

38847.0

38933.0

39040.0

39034.0

39075.0

38993.0

39073.0

39101.0

39043.0

39100.0

39023.0

39028.0

39036.0

39071.0

39009.0

39164.0

39127.0

39129.0

39365.0

39325.0

39847.0

40211.0

40429.0

40782.0

40906.0

41435.0

41267.0

41162.0

41255.0

41424.0

41430.0

41838.0

41855.0

41915.0

41886.0

41939.0

41796.0

41916.0

41925.0

42107.0

41975.0

42086.0

41867.0

41899.0

41690.0

41752.0

41748.0

41763.0

41597.0

41507.0

41609.0

41448.0

41492.0

41588.0

41539.0

41607.0

41702.0

41652.0

41758.0

41688.0

41739.0

41647.0

41692.0

41774.0

41859.0

41780.0

41629.0

41644.0

41559.0

41640.0

41580.0

41609.0

41468.0

41478.0

41278.0

41411.0

41344.0

41446.0

41491.0

41611.0

41537.0

41431.0

41376.0

41335.0

41264.0

41241.0

41180.0

41378.0

41421.0

41355.0

41428.0

41349.0

41279.0

41365.0

41649.0

41656.0

41706.0

41833.0

41803.0

41810.0

41878.0

41920.0

41843.0

41837.0

41513.0

41627.0

41742.0

41844.0

41762.0

41761.0

41726.0

41722.0

41777.0

41907.0

42215.0

42300.0

42352.0

42283.0

42285.0

42104.0

41888.0

41884.0

41734.0

41786.0

41745.0

41802.0

41765.0

41789.0

41788.0

41774.0

41696.0

41869.0

41896.0

41882.0

41806.0

41719.0

41707.0

41563.0

41447.0

41559.0

41675.0

41688.0

41679.0

41596.0

41490.0

41480.0

41515.0

41440.0

41350.0

41349.0

41516.0

41382.0

41204.0

40896.0

41081.0

41236.0

41024.0

41074.0

41093.0

41161.0

41183.0

41048.0

41225.0

41466.0

41425.0

41334.0

41308.0

41181.0

41207.0

41158.0

41179.0

40670.0

40205.0

40430.0

39848.0

39888.0

40022.0

39944.0

39694.0

39597.0

39551.0

39785.0

39735.0

39688.0

39769.0

39897.0

39804.0

39834.0

39764.0

39814.0

39758.0

39756.0

39680.0

39830.0

39741.0

39747.0

40156.0

40360.0

40234.0

40126.0

40038.0

39774.0

39632.0

39510.0

39575.0

39538.0

39612.0

39659.0

39814.0

39564.0

39598.0

39563.0

39612.0

39258.0

39335.0

39253.0

39357.0

39499.0

39725.0

39627.0

39622.0

39733.0

39768.0

39761.0

39785.0

39955.0

39730.0

39827.0

39783.0

39765.0

39734.0

39711.0

39691.0

39754.0

39550.0

39344.0

38986.0

39088.0

38846.0

38975.0

38896.0

39286.0

39260.0

39487.0

39447.0

39541.0

39388.0

39328.0

38944.0

39256.0

39665.0

39170.0

39075.0

38989.0

38957.0

39062.0

39073.0

38979.0

38844.0

38638.0

38650.0

38800.0

38653.0

38224.0

38280.0

38333.0

38400.0

38445.0

38440.0

38467.0

38613.0

38572.0

38549.0

38676.0

38650.0

38558.0

38619.0

38559.0

38662.0

38629.0

38782.0

38745.0

38682.0

38568.0

37996.0

38290.0

38409.0

38520.0

38463.0

38629.0

38579.0

38615.0

38483.0

38261.0

38089.0

38131.0

38177.0

38146.0

38318.0

38512.0

38308.0

38203.0

37942.0

37964.0

38107.0

38200.0

38337.0

38292.0

38013.0

38131.0

38076.0

38149.0

38276.0

38346.0

38371.0

38525.0

38317.0

38571.0

38418.0

38351.0

38181.0

38126.0

38333.0

38458.0

38532.0

38461.0

38422.0

38215.0

38162.0

38128.0

37999.0

38057.0

37974.0

37908.0

38062.0

38096.0

38225.0

38138.0

37914.0

37950.0

38118.0

37881.0

37812.0

37827.0

37875.0

37766.0

37740.0

37758.0

37840.0

37859.0

37885.0

37864.0

37927.0

38241.0

38164.0

38168.0

38386.0

38494.0

38556.0

38865.0

39128.0

39194.0

38976.0

39155.0

39125.0

39355.0

39328.0

39359.0

39341.0

39387.0

39548.0

39425.0

39402.0

39440.0

39714.0

39697.0

39685.0

39619.0

39748.0

39678.0

39841.0

39788.0

39668.0

39876.0

39807.0

39889.0

39951.0

39934.0

39846.0

39665.0

39843.0

39727.0

39799.0

39725.0

39750.0

39416.0

39324.0

39369.0

39446.0

39389.0

39357.0

39539.0

39398.0

39415.0

39520.0

39499.0

39402.0

39465.0

39489.0

39389.0

39380.0

39231.0

39092.0

39074.0

38897.0

38843.0

38830.0

38942.0

38774.0

38623.0

38256.0

38133.0

38192.0

38177.0

38068.0

38106.0

38214.0

38118.0

38144.0

37995.0

37568.0

37995.0

37839.0

37799.0

38285.0

38442.0

38881.0

38975.0

39333.0

39094.0

39279.0

39227.0

39417.0

39758.0

40304.0

40394.0

40599.0

40848.0

40877.0

41103.0

41160.0

40736.0

41004.0

40991.0

40886.0

40950.0

40994.0

40848.0

40976.0

40896.0

41004.0

41025.0

41016.0

40871.0

40818.0

40592.0

40385.0

40243.0

40285.0

40489.0

40572.0

40433.0

40371.0

40512.0

40444.0

40242.0

40299.0

40015.0

40043.0

40279.0

40404.0

40447.0

40554.0

40915.0

40759.0

41034.0

40922.0

40854.0

40808.0

40848.0

41074.0

40850.0

40796.0

40653.0

40602.0

40571.0

40801.0

40620.0

40690.0

40644.0

40529.0

40919.0

40798.0

40889.0

40979.0

40888.0

40865.0

40785.0

40878.0

40875.0

41638.0

41816.0

42773.0

42589.0

42363.0

42631.0

42881.0

43058.0

42939.0

42809.0

42780.0

42879.0

42884.0

42889.0

42888.0

42611.0

42719.0

42616.0

42627.0

42636.0

42617.0

42718.0

42631.0

42715.0

42742.0

42796.0

42724.0

42792.0

42968.0

43083.0

43024.0

43174.0

43191.0

43346.0

43160.0

43284.0

43227.0

43554.0

43722.0

43644.0

43489.0

43435.0

43410.0

43560.0

43415.0

43396.0

43226.0

43218.0

43161.0

43381.0

43203.0

43380.0

43449.0

43652.0

43588.0

43737.0

43761.0

43741.0

43713.0

43482.0

43704.0

43722.0

44231.0

44427.0

43693.0

43387.0

43634.0

43354.0

43378.0

43504.0

43521.0

43466.0

43606.0

43415.0

42917.0

42811.0

43643.0

43608.0

43454.0

43483.0

43358.0

43534.0

43619.0

43696.0

43664.0

43521.0

43828.0

43928.0

43971.0

44090.0

44284.0

44070.0

43862.0

43983.0

44044.0

44190.0

44275.0

44430.0

44501.0

44358.0

44367.0

44370.0

44195.0

44072.0

44044.0

43894.0

44000.0

44038.0

44261.0

44255.0

44288.0

44459.0

44229.0

44292.0

44501.0

44740.0

44783.0

45035.0

45225.0

45102.0

45136.0

44890.0

44964.0

44785.0

44734.0

44672.0

44701.0

44727.0

44701.0

44419.0

44342.0

44496.0

44472.0

44535.0

44551.0

44867.0

44889.0

44983.0

44832.0

44707.0

44639.0

44510.0

44237.0

44108.0

44019.0

44116.0

44084.0

44213.0

43925.0

43695.0

43792.0

43884.0

43729.0

43784.0

43771.0

43580.0

43717.0

43603.0

43771.0

43954.0

43825.0

43953.0

44113.0

44143.0

44375.0

44378.0

44364.0

44452.0

44166.0

43846.0

43751.0

43503.0

43167.0

43072.0

43170.0

43168.0

43202.0

43296.0

43492.0

43450.0

43437.0

43591.0

43485.0

43437.0

43593.0

43715.0

43649.0

43516.0

43462.0

43390.0

43447.0

43601.0

43457.0

43725.0

43809.0

43691.0

43850.0

43737.0

44610.0

44844.0

45141.0

44974.0

45527.0

45581.0

45757.0

45705.0

45708.0

45763.0

45725.0

45703.0

45850.0

45733.0

45996.0

45915.0

45725.0

45779.0

45959.0

45939.0

46067.0

45804.0

45868.0

45894.0

45850.0

45832.0

45910.0

46004.0

46402.0

46258.0

46333.0

46198.0

46224.0

46340.0

45672.0

45597.0

45233.0

45823.0

