29695.0

29957.0

29827.0

29706.0

29711.0

29808.0

29869.0

29871.0

29938.0

29692.0

29725.0

29642.0

29866.0

29705.0

29625.0

29843.0

29900.0

29912.0

30434.0

30702.0

30792.0

30820.0

30880.0

30890.0

30879.0

30882.0

31503.0

31425.0

31554.0

31625.0

31574.0

31593.0

31855.0

31919.0

32089.0

32027.0

32230.0

32156.0

31937.0

31724.0

31774.0

31815.0

31968.0

32114.0

32249.0

32348.0

32083.0

32010.0

31926.0

32008.0

32151.0

32134.0

31968.0

32071.0

32282.0

32162.0

32207.0

32111.0

31925.0

31921.0

31993.0

31934.0

32229.0

32121.0

32186.0

32379.0

32436.0

32440.0

32438.0

32314.0

32358.0

32394.0

32354.0

32310.0

32232.0

32221.0

32368.0

32307.0

32409.0

32742.0

32668.0

32621.0

32687.0

32755.0

32693.0

32656.0

32545.0

32505.0

32518.0

32486.0

32359.0

32451.0

32403.0

32437.0

32453.0

32608.0

32518.0

32431.0

32188.0

32206.0

32185.0

32282.0

32246.0

32286.0

32493.0

32640.0

32760.0

33256.0

33529.0

33590.0

33607.0

33663.0

33735.0

33634.0

33715.0

33726.0

33792.0

33841.0

33888.0

33841.0

33667.0

33770.0

33887.0

33943.0

33839.0

33846.0

33959.0

33854.0

33942.0

33964.0

34056.0

34451.0

34327.0

34410.0

34302.0

33966.0

33957.0

33982.0

33981.0

34055.0

34254.0

34203.0

34097.0

33985.0

34182.0

34306.0

34185.0

34449.0

34351.0

34456.0

34672.0

34750.0

34572.0

34494.0

34578.0

34428.0

34449.0

34411.0

34260.0

34170.0

33968.0

34122.0

34224.0

34256.0

34440.0

34456.0

34404.0

34353.0

34423.0

34579.0

34551.0

34742.0

35241.0

35808.0

37764.0

38266.0

38373.0

38132.0

38330.0

38328.0

38529.0

39143.0

38829.0

38157.0

38130.0

38264.0

38238.0

38615.0

38464.0

38824.0

38126.0

38447.0

38323.0

38477.0

38748.0

38925.0

39328.0

39606.0

40204.0

38921.0

38132.0

37540.0

37081.0

37580.0

37342.0

37364.0

37083.0

36966.0

36764.0

36728.0

37015.0

37039.0

37119.0

37285.0

37198.0

37077.0

37329.0

37276.0

37320.0

37634.0

37896.0

38151.0

38323.0

38259.0

38094.0

38199.0

37931.0

37675.0

37838.0

37968.0

37905.0

38043.0

38056.0

38442.0

38255.0

38984.0

39015.0

39197.0

39287.0

39733.0

39913.0

40219.0

39819.0

39851.0

40100.0

39844.0

39671.0

39829.0

39537.0

39805.0

40158.0

40204.0

40722.0

40715.0

39816.0

39570.0

39679.0

39677.0

39837.0

40065.0

39282.0

39629.0

40404.0

40340.0

40116.0

39973.0

40123.0

39754.0

40014.0

39887.0

39529.0

39738.0

39928.0

39614.0

39847.0

39961.0

40127.0

40134.0

40055.0

39979.0

40035.0

40175.0

40460.0

40163.0

39750.0

39693.0

39878.0

39891.0

39885.0

40020.0

39917.0

39730.0

39779.0

39514.0

39612.0

39723.0

39741.0

39661.0

39757.0

39936.0

39993.0

40040.0

40010.0

40179.0

40089.0

40040.0

39919.0

39811.0

39729.0

39828.0

39892.0

39712.0

38995.0

38539.0

38647.0

38904.0

38850.0

38821.0

38810.0

38931.0

39075.0

39073.0

39016.0

38994.0

39071.0

39160.0

39269.0

39776.0

40429.0

41055.0

41123.0

41415.0

41838.0

41912.0

41911.0

41940.0

41975.0

41835.0

41756.0

41788.0

41507.0

41440.0

41601.0

41600.0

41758.0

41673.0

41657.0

41780.0

41644.0

41613.0

41548.0

41354.0

41344.0

41484.0

41539.0

41316.0

41241.0

41400.0

41314.0

41310.0

41649.0

41748.0

41724.0

41881.0

41837.0

41603.0

41856.0

41725.0

41777.0

42215.0

42387.0

42138.0

41884.0

41824.0

41695.0

41735.0

41696.0

41899.0

41787.0

41560.0

41559.0

41696.0

41499.0

41468.0

41350.0

41504.0

41023.0

41325.0

41074.0

41167.0

40916.0

41383.0

41308.0

41301.0

41066.0

40347.0

39888.0

39917.0

39673.0

39735.0

39769.0

39768.0

39716.0

39742.0

39830.0

39749.0

40270.0

40111.0

39632.0

39546.0

39633.0

39681.0

39563.0

39191.0

39291.0

39697.0

39622.0

39805.0

39856.0

39855.0

39765.0

39775.0

39634.0

39210.0

38846.0

38964.0

39378.0

39497.0

39328.0

39471.0

39154.0

38930.0

39073.0

38862.0

38765.0

38260.0

38333.0

38374.0

38526.0

38533.0

38650.0

38579.0

38647.0

38773.0

38568.0

38206.0

38453.0

38527.0

38483.0

38145.0

38181.0

38538.0

38203.0

38042.0

38216.0

38065.0

38076.0

38399.0

38395.0

38564.0

38351.0

38160.0

38534.0

38439.0

38162.0

38086.0

37968.0

38050.0

38138.0

37960.0

37813.0

37856.0

37740.0

37804.0

37802.0

38173.0

38168.0

38448.0

38856.0

39050.0

39125.0

39289.0

39470.0

39385.0

39440.0

39602.0

39747.0

39827.0

39668.0

39799.0

39910.0

39674.0

39727.0

39707.0

39476.0

39502.0

39357.0

39360.0

39516.0

39400.0

39389.0

39220.0

39055.0

38854.0

38774.0

38221.0

38191.0

38052.0

38118.0

37977.0

37815.0

37964.0

38881.0

39340.0

39354.0

39822.0

40394.0

40885.0

41306.0

41019.0

40886.0

40986.0

40980.0

41009.0

40871.0

40571.0

40105.0

40597.0

40371.0

40424.0

40130.0

40285.0

40447.0

40882.0

40863.0

40709.0

41074.0

40847.0

40574.0

40599.0

40644.0

40917.0

40952.0

40861.0

40878.0

41685.0

42745.0

42578.0

43058.0

42869.0

42987.0

42934.0

42719.0

42630.0

42759.0

42698.0

42796.0

42832.0

42948.0

43170.0

43160.0

43320.0

43794.0

43398.0

43560.0

43258.0

43174.0

43225.0

43449.0

43690.0

43850.0

43586.0

43722.0

44367.0

43406.0

43349.0

43521.0

43574.0

42963.0

43648.0

43483.0

43568.0

43619.0

43908.0

43971.0

44291.0

43878.0

44122.0

44430.0

44355.0

44194.0

44023.0

44000.0

44256.0

44396.0

44271.0

44740.0

44972.0

45215.0

44891.0

44734.0

44813.0

44496.0

44502.0

44535.0

44848.0

44908.0

44722.0

44237.0

43973.0

44253.0

43746.0

43884.0

43886.0

43418.0

43696.0

43825.0

44107.0

44528.0

44374.0

43846.0

43429.0

43052.0

43212.0

43492.0

43498.0

43397.0

43633.0

43516.0

43424.0

43510.0

43847.0

43850.0

44585.0

45019.0

45656.0

45705.0

45754.0

45719.0

45495.0

45725.0

45889.0

45844.0

45923.0

45832.0

46109.0

46337.0

46150.0

45672.0

45378.0

