29713.0

29929.0

29835.0

29729.0

29718.0

29813.0

29867.0

29885.0

29940.0

29725.0

29721.0

29635.0

29857.0

29717.0

29659.0

29838.0

29901.0

29908.0

30288.0

30701.0

30785.0

30822.0

30890.0

30875.0

30888.0

30890.0

31505.0

31434.0

31558.0

31619.0

31578.0

31616.0

31819.0

31925.0

32025.0

32228.0

32118.0

32303.0

31790.0

31738.0

31702.0

31810.0

31957.0

32154.0

32230.0

32405.0

32099.0

32060.0

31936.0

32024.0

32066.0

32108.0

32020.0

32103.0

32294.0

32194.0

32241.0

32199.0

31955.0

31940.0

31923.0

31863.0

32242.0

32127.0

32212.0

32411.0

32460.0

32404.0

32424.0

32331.0

32328.0

32430.0

32363.0

32304.0

32264.0

32251.0

32368.0

32355.0

32430.0

32753.0

32686.0

32617.0

32680.0

32727.0

32763.0

32629.0

32542.0

32511.0

32522.0

32519.0

32356.0

32367.0

32423.0

32413.0

32456.0

32594.0

32511.0

32439.0

32195.0

32201.0

32191.0

32279.0

32229.0

32314.0

32491.0

32645.0

32771.0

33229.0

33510.0

33606.0

33594.0

33667.0

33714.0

33635.0

33706.0

33722.0

33777.0

33848.0

33894.0

33837.0

33674.0

33769.0

33868.0

33940.0

33857.0

33856.0

33948.0

33851.0

33915.0

34009.0

33954.0

34477.0

34306.0

34383.0

34315.0

33973.0

33919.0

33954.0

34018.0

34076.0

34186.0

34274.0

34133.0

33966.0

34128.0

34344.0

34250.0

34400.0

34370.0

34450.0

34609.0

34743.0

34639.0

34467.0

34608.0

34404.0

34418.0

34368.0

34307.0

34225.0

34002.0

34123.0

34225.0

34249.0

34437.0

34463.0

34398.0

34377.0

34437.0

34571.0

34542.0

34724.0

35228.0

35781.0

37916.0

38216.0

38374.0

38160.0

38348.0

38330.0

38504.0

39059.0

38791.0

38104.0

38107.0

38281.0

38254.0

38589.0

38483.0

38794.0

38162.0

38420.0

38274.0

38406.0

38768.0

39067.0

39365.0

39664.0

40176.0

39554.0

38062.0

37639.0

37285.0

37577.0

37435.0

37401.0

37210.0

36922.0

36735.0

36714.0

36995.0

36995.0

37090.0

37306.0

37111.0

37135.0

37270.0

37302.0

37339.0

37656.0

37856.0

38012.0

38343.0

38499.0

38114.0

38209.0

37912.0

37673.0

37825.0

37900.0

37945.0

38013.0

38069.0

38392.0

38274.0

39093.0

39069.0

39172.0

39253.0

39801.0

39937.0

40115.0

39793.0

39816.0

40110.0

39841.0

39705.0

39838.0

39524.0

39804.0

40156.0

40255.0

40703.0

40652.0

39803.0

39607.0

39651.0

39620.0

39829.0

40116.0

39241.0

39578.0

40425.0

40369.0

40020.0

39948.0

40158.0

39772.0

39907.0

39954.0

39601.0

39683.0

39927.0

39631.0

39743.0

40005.0

40153.0

40110.0

40055.0

39932.0

40015.0

40127.0

40361.0

40207.0

39776.0

39718.0

39870.0

39899.0

39869.0

40042.0

39893.0

39765.0

39746.0

39547.0

39621.0

39718.0

39801.0

39644.0

39714.0

39811.0

40146.0

40088.0

40011.0

40111.0

40130.0

40092.0

39919.0

39806.0

39761.0

39799.0

39865.0

39731.0

39098.0

38449.0

38691.0

38926.0

38837.0

38822.0

38770.0

38960.0

39031.0

39073.0

39035.0

39004.0

39059.0

39164.0

39170.0

39650.0

40286.0

40906.0

41231.0

41422.0

41646.0

41915.0

41847.0

41941.0

41976.0

41867.0

41665.0

41803.0

41482.0

41448.0

41620.0

41563.0

41741.0

41739.0

41689.0

41788.0

41622.0

41640.0

41609.0

41391.0

41365.0

41491.0

41583.0

41347.0

41277.0

41378.0

41347.0

41328.0

41704.0

41706.0

41798.0

41888.0

41810.0

41627.0

41845.0

41734.0

41738.0

42215.0

42389.0

42131.0

41927.0

41786.0

41766.0

41714.0

41757.0

41896.0

41803.0

41522.0

41595.0

41688.0

41549.0

41468.0

41381.0

41516.0

41173.0

41277.0

40992.0

41161.0

40939.0

41321.0

41215.0

41207.0

41136.0

40320.0

39895.0

39944.0

39667.0

39701.0

39747.0

39804.0

39752.0

39716.0

39818.0

39747.0

40345.0

40111.0

39647.0

39575.0

39669.0

39752.0

39567.0

39258.0

39239.0

39598.0

39614.0

39768.0

39785.0

39812.0

39783.0

39711.0

39717.0

39222.0

38864.0

38896.0

39305.0

39474.0

39408.0

39256.0

39204.0

38932.0

39018.0

38844.0

38703.0

38445.0

38273.0

38445.0

38449.0

38622.0

38604.0

38619.0

38633.0

38736.0

38533.0

38290.0

38526.0

38543.0

38563.0

38089.0

38077.0

38459.0

38230.0

37964.0

38229.0

38076.0

38049.0

38276.0

38416.0

38338.0

38382.0

38126.0

38474.0

38392.0

38228.0

37999.0

37936.0

38049.0

38125.0

37950.0

37854.0

37845.0

37733.0

37840.0

37825.0

38091.0

38205.0

38494.0

38914.0

39070.0

39066.0

39328.0

39508.0

39526.0

39387.0

39697.0

39663.0

39777.0

39697.0

39807.0

39945.0

39726.0

39804.0

39725.0

39422.0

39552.0

39353.0

39398.0

39529.0

39414.0

39409.0

39231.0

39030.0

38894.0

38833.0

38256.0

38238.0

38038.0

38101.0

37995.0

37855.0

37932.0

38830.0

39333.0

39294.0

39783.0

40428.0

40848.0

41281.0

40915.0

40927.0

40994.0

40939.0

40996.0

40915.0

40592.0

40134.0

40603.0

40362.0

40444.0

40137.0

40239.0

40492.0

40915.0

40863.0

40779.0

41030.0

40796.0

40556.0

40653.0

40628.0

40919.0

40960.0

40874.0

40857.0

41638.0

42780.0

42519.0

42987.0

42809.0

42899.0

42870.0

42781.0

42627.0

42630.0

42745.0

42812.0

42792.0

42940.0

43259.0

43265.0

43227.0

43871.0

43380.0

43607.0

43396.0

43153.0

43285.0

43391.0

43588.0

43809.0

43668.0

43754.0

44427.0

43344.0

43314.0

43572.0

43606.0

43027.0

43661.0

43433.0

43534.0

43713.0

43891.0

43980.0

44284.0

43808.0

44042.0

44491.0

44358.0

44284.0

44049.0

43988.0

44261.0

44384.0

44295.0

44685.0

45035.0

45125.0

44886.0

44713.0

44701.0

44623.0

44431.0

44542.0

44867.0

44938.0

44714.0

44170.0

44019.0

44278.0

43811.0

43907.0

43784.0

43441.0

43686.0

43795.0

44113.0

44479.0

44320.0

43833.0

43503.0

42933.0

43150.0

43368.0

43437.0

43441.0

43602.0

43588.0

43390.0

43621.0

43791.0

43777.0

44610.0

45142.0

45607.0

45700.0

45763.0

45747.0

45416.0

45774.0

45959.0

45816.0

45884.0

45865.0

46004.0

46354.0

45986.0

45880.0

45233.0

