29555.0

29787.0

29907.0

29863.0

29719.0

29723.0

29835.0

29899.0

29981.0

29905.0

29761.0

29720.0

29724.0

29815.0

29654.0

29760.0

29836.0

29856.0

29903.0

30682.0

30660.0

30739.0

30861.0

30871.0

30826.0

30941.0

30947.0

31481.0

31490.0

31594.0

31587.0

31568.0

31774.0

31885.0

31934.0

32219.0

32162.0

32218.0

32221.0

31799.0

31752.0

31846.0

31941.0

32095.0

32155.0

32094.0

32269.0

32106.0

31996.0

31956.0

32018.0

32242.0

32020.0

32016.0

32078.0

32274.0

32245.0

32195.0

31916.0

31933.0

31826.0

31946.0

32137.0

32183.0

32150.0

32315.0

32472.0

32405.0

32496.0

32380.0

32321.0

32321.0

32356.0

32293.0

32406.0

32223.0

32304.0

32404.0

32364.0

32475.0

32716.0

32663.0

32585.0

32753.0

32753.0

32655.0

32649.0

32490.0

32549.0

32408.0

32428.0

32326.0

32497.0

32363.0

32427.0

32492.0

32550.0

32517.0

32428.0

32178.0

32156.0

32221.0

32185.0

32257.0

32465.0

32520.0

32670.0

32863.0

33232.0

33583.0

33649.0

33518.0

33707.0

33679.0

33638.0

33737.0

33689.0

33793.0

33937.0

33837.0

33752.0

33709.0

33863.0

33944.0

33936.0

33899.0

33873.0

33929.0

33837.0

33941.0

33934.0

34252.0

34473.0

34394.0

34353.0

34174.0

33953.0

33956.0

34140.0

33990.0

34063.0

34305.0

33993.0

34060.0

34090.0

34277.0

34257.0

34375.0

34469.0

34352.0

34475.0

34771.0

34760.0

34636.0

34471.0

34548.0

34490.0

34338.0

34316.0

34162.0

34117.0

34251.0

34257.0

34229.0

34308.0

34479.0

34432.0

34554.0

34466.0

34463.0

34569.0

34597.0

34659.0

35353.0

35925.0

38024.0

38182.0

38089.0

38165.0

38290.0

38357.0

38570.0

38894.0

38588.0

37980.0

38308.0

38154.0

38250.0

38567.0

38492.0

38736.0

38239.0

38470.0

38334.0

38589.0

39179.0

39025.0

39297.0

39869.0

40211.0

38515.0

37505.0

37244.0

37146.0

37636.0

37226.0

37338.0

37092.0

37106.0

36494.0

36888.0

36844.0

37068.0

37126.0

37154.0

37042.0

37268.0

37298.0

37446.0

37542.0

37625.0

37966.0

38381.0

38465.0

37890.0

38275.0

38210.0

37869.0

37757.0

37720.0

37930.0

38109.0

38018.0

38028.0

38338.0

38458.0

39067.0

39398.0

39071.0

39281.0

40132.0

39648.0

39866.0

39735.0

39990.0

40165.0

39501.0

39664.0

39766.0

39584.0

39836.0

40092.0

40360.0

40613.0

39996.0

39606.0

39773.0

39513.0

39810.0

39836.0

40181.0

39148.0

40374.0

40255.0

40156.0

39955.0

40097.0

39977.0

39957.0

39957.0

39761.0

39508.0

39808.0

39769.0

39681.0

39975.0

39847.0

40183.0

40122.0

40075.0

39903.0

40004.0

40579.0

40337.0

40165.0

39680.0

39735.0

39953.0

39863.0

39959.0

39959.0

39877.0

39823.0

39642.0

39521.0

39557.0

39671.0

39755.0

39615.0

39770.0

40167.0

39995.0

39944.0

39990.0

40189.0

39996.0

40018.0

39935.0

39735.0

39750.0

39780.0

39854.0

39721.0

38679.0

38610.0

38792.0

38857.0

38739.0

38863.0

38824.0

39090.0

39016.0

39101.0

39082.0

39051.0

39066.0

39127.0

39352.0

40106.0

40734.0

41435.0

41246.0

41443.0

42116.0

41886.0

41836.0

42064.0

42027.0

41899.0

41737.0

41728.0

41636.0

41492.0

41551.0

41639.0

41710.0

41647.0

41758.0

41572.0

41549.0

41580.0

41488.0

41483.0

41350.0

41611.0

41380.0

41344.0

41220.0

41421.0

41485.0

41246.0

41627.0

41833.0

41829.0

41944.0

41364.0

41742.0

41758.0

41693.0

41906.0

42300.0

42297.0

41880.0

41771.0

41745.0

41785.0

41788.0

41774.0

41882.0

41709.0

41453.0

41617.0

41679.0

41517.0

41499.0

41321.0

41382.0

40887.0

41121.0

41049.0

41183.0

41381.0

41495.0

41272.0

41158.0

40397.0

40346.0

39991.0

39694.0

39713.0

39639.0

39906.0

39834.0

39829.0

39753.0

39748.0

40156.0

40176.0

39948.0

39551.0

39538.0

39751.0

39541.0

39643.0

39335.0

39379.0

39665.0

39690.0

39761.0

39900.0

39737.0

39733.0

39691.0

39499.0

38900.0

38957.0

39286.0

39503.0

39427.0

39095.0

39665.0

39131.0

39020.0

38967.0

38638.0

38787.0

38215.0

38321.0

38440.0

38639.0

38539.0

38551.0

38559.0

38623.0

38720.0

38083.0

38409.0

38507.0

38535.0

38361.0

38131.0

38236.0

38363.0

38111.0

38107.0

38316.0

38000.0

38148.0

38346.0

38535.0

38527.0

38206.0

38333.0

38568.0

38262.0

38151.0

38057.0

37946.0

38215.0

37987.0

38118.0

37808.0

37945.0

37742.0

37859.0

37946.0

38118.0

38293.0

38556.0

39108.0

39157.0

39228.0

39359.0

39431.0

39455.0

39503.0

39685.0

39706.0

39728.0

39842.0

39889.0

39931.0

39754.0

39708.0

39750.0

39373.0

39437.0

39486.0

39415.0

39429.0

39489.0

39358.0

39092.0

38857.0

38941.0

38562.0

38133.0

38034.0

38230.0

38042.0

37568.0

37934.0

38480.0

38957.0

39094.0

39133.0

40213.0

40669.0

40877.0

41218.0

40992.0

40987.0

40848.0

40915.0

41037.0

40959.0

40385.0

40257.0

40369.0

40463.0

40242.0

40005.0

40250.0

40521.0

40759.0

40954.0

40946.0

40915.0

40653.0

40512.0

40653.0

40478.0

40798.0

40971.0

40808.0

40852.0

41816.0

42511.0

42709.0

42874.0

42780.0

42930.0

42812.0

42694.0

42636.0

42636.0

42627.0

42791.0

42968.0

43039.0

43227.0

43277.0

43554.0

43636.0

43394.0

43389.0

43226.0

43225.0

43374.0

43569.0

43737.0

43654.0

43549.0

43901.0

43693.0

43646.0

43481.0

43401.0

43415.0

42903.0

43442.0

43339.0

43619.0

43617.0

43820.0

44102.0

44070.0

44019.0

44208.0

44474.0

44367.0

44084.0

43960.0

43986.0

44255.0

44380.0

44378.0

44901.0

45225.0

44918.0

44816.0

44607.0

44727.0

44405.0

44318.0

44580.0

44889.0

44805.0

44595.0

44011.0

44116.0

44098.0

43690.0

43667.0

43771.0

43832.0

44226.0

43995.0

44143.0

44315.0

44386.0

43957.0

43167.0

43255.0

43274.0

43462.0

43591.0

43532.0

43666.0

43617.0

43447.0

43478.0

43717.0

43743.0

44844.0

45125.0

45725.0

45860.0

45725.0

45870.0

45994.0

45773.0

45939.0

45825.0

45829.0

45902.0

46402.0

46263.0

46387.0

45613.0

45823.0

