29644.0

29789.0

29894.0

29846.0

29744.0

29714.0

29853.0

29894.0

29999.0

29908.0

29793.0

29675.0

29761.0

29856.0

29638.0

29768.0

29819.0

29859.0

29930.0

30666.0

30642.0

30739.0

30921.0

30871.0

30807.0

30903.0

30944.0

31451.0

31501.0

31695.0

31578.0

31598.0

31793.0

31917.0

31992.0

32380.0

32094.0

32244.0

32182.0

31829.0

31740.0

31810.0

31935.0

32080.0

32109.0

32180.0

32182.0

32054.0

32026.0

31965.0

32017.0

32200.0

32057.0

32091.0

32063.0

32247.0

32265.0

32158.0

31944.0

31931.0

31846.0

31938.0

32148.0

32162.0

32194.0

32301.0

32514.0

32389.0

32471.0

32364.0

32350.0

32380.0

32333.0

32307.0

32281.0

32228.0

32327.0

32344.0

32388.0

32620.0

32703.0

32646.0

32605.0

32750.0

32728.0

32609.0

32623.0

32503.0

32494.0

32452.0

32418.0

32347.0

32488.0

32324.0

32464.0

32495.0

32579.0

32492.0

32396.0

32196.0

32163.0

32200.0

32188.0

32262.0

32479.0

32517.0

32685.0

33043.0

33273.0

33574.0

33664.0

33527.0

33753.0

33653.0

33669.0

33770.0

33703.0

33816.0

33911.0

33834.0

33764.0

33734.0

33887.0

33955.0

33895.0

33874.0

33879.0

33926.0

33844.0

33960.0

33974.0

34262.0

34487.0

34426.0

34338.0

34162.0

33886.0

33981.0

34148.0

34019.0

34098.0

34349.0

34030.0

34067.0

34132.0

34289.0

34263.0

34413.0

34433.0

34396.0

34464.0

34770.0

34741.0

34604.0

34515.0

34507.0

34457.0

34314.0

34330.0

34175.0

33985.0

34216.0

34232.0

34243.0

34388.0

34428.0

34424.0

34552.0

34432.0

34463.0

34554.0

34594.0

34753.0

35392.0

36180.0

38248.0

38202.0

38113.0

38195.0

38348.0

38411.0

38557.0

38683.0

38341.0

38062.0

38330.0

38165.0

38345.0

38542.0

38437.0

38703.0

38274.0

38479.0

38304.0

38565.0

39343.0

39133.0

39421.0

39773.0

40007.0

38390.0

37692.0

37303.0

37225.0

37700.0

37442.0

37295.0

36892.0

37117.0

36529.0

36887.0

36864.0

37175.0

37206.0

37049.0

37058.0

37322.0

37308.0

37452.0

37539.0

37592.0

37866.0

38417.0

38671.0

37930.0

38367.0

38188.0

37981.0

37755.0

37539.0

37943.0

38050.0

38007.0

38057.0

38328.0

38670.0

39044.0

39236.0

39123.0

39370.0

40032.0

39671.0

39874.0

39685.0

40017.0

40099.0

39525.0

39706.0

39732.0

39707.0

39801.0

40106.0

40377.0

40561.0

39826.0

39665.0

39773.0

39529.0

39746.0

39808.0

40133.0

39250.0

40341.0

40401.0

40074.0

40077.0

40152.0

39980.0

40003.0

39964.0

39756.0

39587.0

39802.0

39816.0

39699.0

40023.0

39811.0

40190.0

40091.0

40031.0

39865.0

40024.0

40481.0

40285.0

40216.0

39664.0

39707.0

39840.0

39725.0

40053.0

39993.0

39857.0

39796.0

39673.0

39537.0

39561.0

39767.0

39758.0

39560.0

39782.0

40211.0

39902.0

39954.0

40021.0

40137.0

40030.0

40012.0

39858.0

39760.0

39723.0

39787.0

39878.0

39765.0

38627.0

38694.0

38773.0

38848.0

38781.0

38815.0

38905.0

39007.0

38993.0

39087.0

39055.0

39005.0

39009.0

39127.0

39347.0

40218.0

40782.0

41188.0

41250.0

41466.0

41855.0

41920.0

41880.0

42125.0

42086.0

41840.0

41758.0

41757.0

41609.0

41526.0

41539.0

41633.0

41688.0

41649.0

41828.0

41540.0

41559.0

41587.0

41454.0

41504.0

41446.0

41579.0

41382.0

41313.0

41180.0

41416.0

41434.0

41296.0

41656.0

41891.0

41847.0

41901.0

41513.0

41751.0

41744.0

41700.0

41907.0

42369.0

42253.0

41941.0

41734.0

41778.0

41801.0

41815.0

41869.0

41883.0

41707.0

41473.0

41675.0

41669.0

41482.0

41524.0

41349.0

41267.0

40894.0

41216.0

41093.0

41102.0

41453.0

41416.0

41181.0

41125.0

40297.0

40371.0

40022.0

39654.0

39742.0

39718.0

39897.0

39800.0

39791.0

39718.0

39741.0

40269.0

40135.0

39928.0

39510.0

39634.0

39751.0

39583.0

39612.0

39377.0

39500.0

39614.0

39733.0

39753.0

39831.0

39777.0

39734.0

39674.0

39419.0

39060.0

38975.0

39310.0

39457.0

39432.0

38944.0

39601.0

39091.0

39071.0

38979.0

38638.0

38689.0

38369.0

38400.0

38480.0

38661.0

38682.0

38558.0

38626.0

38624.0

38686.0

37996.0

38449.0

38523.0

38593.0

38261.0

38160.0

38235.0

38361.0

37942.0

38151.0

38302.0

38115.0

38149.0

38348.0

38481.0

38484.0

38181.0

38422.0

38535.0

38226.0

38128.0

38073.0

37919.0

38256.0

37914.0

37925.0

37796.0

37871.0

37758.0

37864.0

37957.0

38124.0

38386.0

38656.0

39160.0

39133.0

39355.0

39303.0

39507.0

39437.0

39714.0

39653.0

39639.0

39752.0

39876.0

39867.0

39858.0

39821.0

39799.0

39706.0

39380.0

39401.0

39539.0

39451.0

39405.0

39521.0

39380.0

39109.0

38943.0

38889.0

38623.0

38078.0

38027.0

38225.0

38144.0

37695.0

37957.0

38428.0

38975.0

38740.0

39244.0

40263.0

40599.0

40819.0

40997.0

40965.0

40950.0

40848.0

40910.0

41121.0

40818.0

40181.0

40415.0

40366.0

40512.0

40266.0

40022.0

40278.0

40554.0

40876.0

40958.0

40889.0

40850.0

40650.0

40631.0

40579.0

40529.0

40775.0

40958.0

40782.0

40875.0

41862.0

42605.0

42740.0

42939.0

42769.0

42954.0

42804.0

42616.0

42586.0

42635.0

42701.0

42724.0

43059.0

43095.0

43312.0

43284.0

43669.0

43630.0

43331.0

43415.0

43238.0

43262.0

43397.0

43652.0

43686.0

43695.0

43684.0

44231.0

43626.0

43572.0

43469.0

43466.0

43376.0

43351.0

43466.0

43358.0

43634.0

43632.0

43906.0

44090.0

44099.0

44109.0

44276.0

44501.0

44440.0

43984.0

43938.0

44038.0

44297.0

44361.0

44481.0

44783.0

45102.0

45017.0

44779.0

44672.0

44688.0

44377.0

44523.0

44551.0

45012.0

44800.0

44511.0

44108.0

44144.0

44044.0

43830.0

43729.0

43737.0

43829.0

44096.0

43953.0

44173.0

44318.0

44149.0

43751.0

43257.0

43309.0

43334.0

43450.0

43588.0

43556.0

43706.0

43462.0

43512.0

43561.0

43695.0

43737.0

44921.0

45189.0

45626.0

45708.0

45693.0

45828.0

46000.0

45779.0

45987.0

45788.0

45851.0

45910.0

46307.0

46209.0

46378.0

45597.0

45787.0

