29710.0

29804.0

29910.0

29828.0

29729.0

29802.0

29824.0

29884.0

29991.0

29812.0

29755.0

29619.0

29802.0

29850.0

29693.0

29768.0

29840.0

29896.0

29940.0

30705.0

30743.0

30824.0

30923.0

30855.0

30862.0

30867.0

31410.0

31440.0

31541.0

31655.0

31554.0

31592.0

31716.0

31895.0

31987.0

32366.0

32079.0

32578.0

31953.0

31819.0

31727.0

31820.0

31907.0

32068.0

32126.0

32264.0

32178.0

32048.0

32018.0

32095.0

31995.0

32172.0

32043.0

32125.0

32066.0

32235.0

32285.0

32140.0

31950.0

31984.0

31860.0

31933.0

32224.0

32153.0

32179.0

32270.0

32551.0

32414.0

32460.0

32432.0

32326.0

32390.0

32320.0

32287.0

32230.0

32240.0

32330.0

32295.0

32397.0

32689.0

32658.0

32635.0

32622.0

32711.0

32772.0

32595.0

32636.0

32492.0

32506.0

32461.0

32412.0

32401.0

32482.0

32330.0

32478.0

32491.0

32560.0

32466.0

32318.0

32232.0

32166.0

32236.0

32203.0

32295.0

32443.0

32582.0

32683.0

33151.0

33416.0

33536.0

33610.0

33599.0

33713.0

33629.0

33726.0

33787.0

33732.0

33807.0

33932.0

33857.0

33777.0

33714.0

33887.0

33970.0

33822.0

33877.0

33913.0

33882.0

33868.0

33986.0

33936.0

34306.0

34394.0

34467.0

34340.0

34129.0

33839.0

33988.0

34151.0

34044.0

34106.0

34424.0

34055.0

34052.0

34142.0

34332.0

34220.0

34466.0

34361.0

34429.0

34496.0

34786.0

34739.0

34573.0

34545.0

34477.0

34411.0

34335.0

34331.0

34194.0

33981.0

34162.0

34219.0

34177.0

34424.0

34469.0

34418.0

34420.0

34412.0

34508.0

34539.0

34589.0

34958.0

35676.0

37764.0

38416.0

38332.0

38146.0

38300.0

38476.0

38423.0

38767.0

38720.0

38179.0

38072.0

38309.0

38273.0

38441.0

38500.0

38561.0

38409.0

38351.0

38403.0

38323.0

38633.0

39275.0

39198.0

39445.0

39732.0

39875.0

37916.0

37735.0

37183.0

37140.0

37584.0

37150.0

37415.0

36902.0

37064.0

36601.0

36854.0

36872.0

37203.0

37216.0

37049.0

37082.0

37384.0

37288.0

37400.0

37599.0

37653.0

37928.0

38377.0

38677.0

38209.0

38431.0

38206.0

37803.0

37800.0

37611.0

37937.0

38083.0

38087.0

38246.0

38274.0

39061.0

39016.0

39258.0

39089.0

39637.0

39908.0

39818.0

39922.0

39782.0

40006.0

39933.0

39651.0

39880.0

39670.0

39738.0

39935.0

40190.0

40648.0

40687.0

39826.0

39602.0

39716.0

39591.0

39696.0

39820.0

39821.0

39356.0

40414.0

40405.0

40024.0

39986.0

40145.0

39968.0

39882.0

40123.0

39643.0

39590.0

39830.0

39757.0

39687.0

40084.0

39809.0

40158.0

39991.0

40048.0

39895.0

40110.0

40430.0

40217.0

40203.0

39657.0

39725.0

39876.0

39776.0

40064.0

39992.0

39851.0

39756.0

39672.0

39555.0

39546.0

39757.0

39736.0

39575.0

39803.0

40307.0

39899.0

39946.0

40045.0

40153.0

40032.0

40005.0

39798.0

39703.0

39699.0

39844.0

39860.0

39734.0

38646.0

38770.0

38886.0

38893.0

38841.0

38772.0

38955.0

39034.0

38995.0

39111.0

39041.0

39036.0

39022.0

39123.0

39319.0

40211.0

40970.0

41171.0

41193.0

41430.0

41984.0

41922.0

41908.0

42107.0

42034.0

41832.0

41692.0

41597.0

41588.0

41526.0

41567.0

41652.0

41784.0

41648.0

41852.0

41629.0

41643.0

41629.0

41483.0

41411.0

41540.0

41556.0

41376.0

41264.0

41221.0

41422.0

41366.0

41365.0

41658.0

41955.0

41873.0

41843.0

41481.0

41747.0

41761.0

41722.0

41965.0

42467.0

42247.0

41888.0

41782.0

41755.0

41816.0

41774.0

41859.0

41907.0

41719.0

41447.0

41723.0

41647.0

41478.0

41440.0

41389.0

41304.0

40906.0

41024.0

41051.0

41070.0

41458.0

41334.0

41177.0

41124.0

40251.0

39848.0

40061.0

39590.0

39746.0

39688.0

39862.0

39846.0

39762.0

39680.0

39705.0

40286.0

40095.0

39774.0

39549.0

39632.0

39756.0

39598.0

39336.0

39346.0

39492.0

39627.0

39764.0

39773.0

39809.0

39783.0

39661.0

39690.0

39443.0

39088.0

39011.0

39279.0

39448.0

39388.0

38926.0

39395.0

39042.0

39062.0

38991.0

38693.0

38648.0

38280.0

38418.0

38445.0

38634.0

38676.0

38490.0

38645.0

38767.0

38682.0

38265.0

38455.0

38609.0

38615.0

38191.0

38223.0

38259.0

38308.0

37978.0

38213.0

38296.0

38131.0

38205.0

38358.0

38411.0

38418.0

38119.0

38481.0

38452.0

38215.0

38109.0

38038.0

37985.0

38225.0

37916.0

37877.0

37792.0

37766.0

37838.0

37859.0

37938.0

38164.0

38394.0

38846.0

39219.0

39155.0

39469.0

39323.0

39550.0

39402.0

39717.0

39606.0

39700.0

39788.0

39895.0

39853.0

39841.0

39843.0

39845.0

39616.0

39403.0

39389.0

39467.0

39489.0

39441.0

39489.0

39352.0

39140.0

38895.0

38942.0

38620.0

38069.0

38056.0

38214.0

38145.0

37952.0

37898.0

38442.0

39271.0

39012.0

39473.0

40304.0

40551.0

40980.0

40802.0

40991.0

40855.0

40951.0

40958.0

41016.0

40825.0

40184.0

40510.0

40433.0

40557.0

40297.0

40093.0

40404.0

40965.0

41063.0

40880.0

40848.0

40876.0

40664.0

40764.0

40690.0

40881.0

40834.0

40896.0

40785.0

40952.0

42117.0

42508.0

42881.0

42793.0

42809.0

42964.0

42611.0

42613.0

42491.0

42636.0

42742.0

42838.0

43223.0

43137.0

43346.0

43298.0

43736.0

43594.0

43410.0

43504.0

43287.0

43234.0

43380.0

43540.0

43668.0

43672.0

43704.0

44339.0

43541.0

43475.0

43504.0

43596.0

43390.0

43459.0

43454.0

43412.0

43624.0

43542.0

43928.0

44136.0

43769.0

44116.0

44275.0

44695.0

44628.0

43981.0

43894.0

44094.0

44298.0

44284.0

44501.0

44729.0

45031.0

44959.0

44785.0

44748.0

44712.0

44303.0

44472.0

44623.0

45068.0

44732.0

44510.0

44072.0

44016.0

44020.0

43792.0

43777.0

43631.0

43771.0

43954.0

43927.0

44233.0

44315.0

44166.0

43491.0

43279.0

43164.0

43296.0

43414.0

43546.0

43582.0

43649.0

43502.0

43511.0

43657.0

43691.0

44090.0

44902.0

45536.0

45757.0

45728.0

45693.0

45805.0

45915.0

45865.0

45946.0

45815.0

45850.0

45927.0

46221.0

46195.0

46340.0

45406.0

