29706.0

29791.0

29922.0

29830.0

29718.0

29817.0

29811.0

29886.0

29991.0

29818.0

29761.0

29610.0

29817.0

29864.0

29701.0

29763.0

29846.0

29915.0

29950.0

30724.0

30729.0

30842.0

30922.0

30855.0

30870.0

30865.0

31375.0

31445.0

31541.0

31650.0

31552.0

31596.0

31692.0

31912.0

31941.0

32306.0

32074.0

32589.0

32017.0

31773.0

31672.0

31802.0

31908.0

32125.0

32168.0

32291.0

32107.0

32094.0

31951.0

32067.0

31998.0

32154.0

32055.0

32100.0

32093.0

32213.0

32260.0

32147.0

31949.0

32004.0

31862.0

31898.0

32226.0

32150.0

32132.0

32276.0

32571.0

32437.0

32455.0

32385.0

32336.0

32366.0

32320.0

32315.0

32263.0

32254.0

32333.0

32315.0

32388.0

32644.0

32631.0

32663.0

32626.0

32694.0

32830.0

32612.0

32628.0

32522.0

32535.0

32472.0

32373.0

32390.0

32431.0

32360.0

32480.0

32566.0

32574.0

32467.0

32311.0

32241.0

32145.0

32224.0

32201.0

32303.0

32440.0

32575.0

32657.0

33098.0

33429.0

33528.0

33617.0

33588.0

33708.0

33643.0

33754.0

33812.0

33731.0

33805.0

33945.0

33863.0

33795.0

33709.0

33889.0

33961.0

33816.0

33878.0

33888.0

33867.0

33870.0

33991.0

33983.0

34370.0

34402.0

34458.0

34308.0

33944.0

33925.0

33962.0

34110.0

34058.0

34124.0

34433.0

34015.0

34019.0

34182.0

34299.0

34233.0

34440.0

34330.0

34492.0

34533.0

34807.0

34693.0

34487.0

34522.0

34368.0

34406.0

34356.0

34354.0

34213.0

33989.0

34173.0

34230.0

34150.0

34419.0

34475.0

34466.0

34409.0

34404.0

34501.0

34530.0

34587.0

34934.0

35662.0

38311.0

38352.0

38263.0

38145.0

38346.0

38489.0

38391.0

38720.0

38738.0

38193.0

38129.0

38315.0

38292.0

38439.0

38481.0

38560.0

38315.0

38361.0

38395.0

38367.0

38617.0

39106.0

39193.0

39540.0

39737.0

39792.0

38103.0

37647.0

37321.0

37254.0

37582.0

37186.0

37391.0

37057.0

36932.0

36627.0

36773.0

37037.0

37162.0

37228.0

37079.0

37040.0

37390.0

37228.0

37374.0

37566.0

37662.0

37903.0

38433.0

38635.0

38310.0

38418.0

38183.0

37753.0

37841.0

37638.0

37907.0

38086.0

38047.0

38236.0

38258.0

39064.0

38990.0

39254.0

39023.0

39670.0

39889.0

39764.0

39984.0

39772.0

39983.0

39920.0

39662.0

39911.0

39646.0

39703.0

39885.0

40199.0

40751.0

40776.0

39823.0

39542.0

39688.0

39583.0

39653.0

39923.0

39545.0

39615.0

40532.0

40409.0

39858.0

39968.0

40062.0

39784.0

39949.0

40155.0

39585.0

39666.0

39884.0

39740.0

39679.0

40112.0

39907.0

40138.0

40051.0

40020.0

39896.0

40141.0

40365.0

40173.0

40171.0

39676.0

39686.0

39869.0

39819.0

39978.0

39927.0

39796.0

39735.0

39649.0

39555.0

39603.0

39773.0

39700.0

39578.0

39823.0

40253.0

40040.0

39915.0

40093.0

40142.0

40065.0

39988.0

39807.0

39724.0

39683.0

39851.0

39818.0

39696.0

38664.0

38777.0

38922.0

38954.0

38797.0

38814.0

38933.0

39027.0

39050.0

39080.0

39023.0

39045.0

39139.0

39131.0

39325.0

40239.0

40919.0

41234.0

41255.0

41565.0

42041.0

41961.0

41916.0

42071.0

41885.0

41815.0

41748.0

41357.0

41547.0

41594.0

41607.0

41759.0

41821.0

41688.0

41859.0

41672.0

41677.0

41654.0

41478.0

41476.0

41536.0

41536.0

41376.0

41282.0

41295.0

41383.0

41349.0

41436.0

41722.0

41816.0

41878.0

41888.0

41536.0

41739.0

41761.0

41725.0

41966.0

42374.0

42285.0

41896.0

41797.0

41761.0

41789.0

41763.0

41904.0

41861.0

41707.0

41505.0

41725.0

41599.0

41480.0

41394.0

41387.0

41283.0

41081.0

41027.0

41119.0

41056.0

41466.0

41288.0

41105.0

41137.0

40205.0

39889.0

40031.0

39451.0

39785.0

39692.0

39825.0

39798.0

39758.0

39714.0

39715.0

40245.0

40126.0

39704.0

39675.0

39613.0

39814.0

39625.0

39277.0

39291.0

39499.0

39647.0

39780.0

39721.0

39730.0

39815.0

39655.0

39712.0

39344.0

38974.0

39001.0

39263.0

39447.0

39430.0

38985.0

39286.0

38989.0

39030.0

38935.0

38674.0

38653.0

38322.0

38423.0

38425.0

38572.0

38667.0

38501.0

38689.0

38782.0

38577.0

38408.0

38510.0

38629.0

38679.0

38156.0

38233.0

38318.0

38332.0

37964.0

38200.0

38292.0

38179.0

38220.0

38385.0

38317.0

38389.0

38122.0

38445.0

38461.0

38186.0

38086.0

38009.0

38062.0

38238.0

37940.0

37854.0

37827.0

37765.0

37803.0

37904.0

37927.0

38193.0

38364.0

38895.0

39194.0

39091.0

39404.0

39387.0

39548.0

39474.0

39643.0

39575.0

39678.0

39732.0

39877.0

39909.0

39846.0

39904.0

39756.0

39520.0

39369.0

39438.0

39397.0

39451.0

39402.0

39459.0

39270.0

39051.0

38843.0

38878.0

38466.0

38115.0

38068.0

38205.0

38041.0

38163.0

37799.0

38420.0

39255.0

38930.0

39417.0

40274.0

40496.0

40940.0

40736.0

41024.0

40820.0

40943.0

41004.0

40984.0

40888.0

40211.0

40489.0

40468.0

40569.0

40327.0

40043.0

40421.0

41084.0

41078.0

40854.0

40835.0

40865.0

40706.0

40801.0

40739.0

40956.0

40834.0

40888.0

40767.0

41365.0

42591.0

42363.0

42913.0

42819.0

42840.0

42889.0

42800.0

42544.0

42548.0

42631.0

42785.0

42808.0

43117.0

43174.0

43312.0

43174.0

43694.0

43489.0

43412.0

43470.0

43287.0

43381.0

43341.0

43635.0

43636.0

43713.0

43717.0

44292.0

43312.0

43354.0

43447.0

43592.0

43243.0

43643.0

43387.0

43435.0

43633.0

43521.0

43915.0

44224.0

43846.0

44044.0

44381.0

44556.0

44511.0

44072.0

44024.0

44202.0

44349.0

44229.0

44469.0

44783.0

45004.0

44890.0

44739.0

44704.0

44786.0

44342.0

44641.0

44644.0

45101.0

44707.0

44338.0

44106.0

43958.0

43925.0

43870.0

43785.0

43603.0

43603.0

43899.0

44000.0

44275.0

44364.0

44193.0

43465.0

43154.0

43168.0

43279.0

43391.0

43579.0

43593.0

43657.0

43400.0

43626.0

43725.0

43752.0

44441.0

45085.0

45527.0

45597.0

45630.0

45816.0

45733.0

45750.0

45956.0

45948.0

45868.0

45845.0

45978.0

46207.0

46198.0

45721.0

45206.0

