29681.0

29810.0

29878.0

29816.0

29731.0

29810.0

29816.0

29891.0

29976.0

29791.0

29740.0

29589.0

29851.0

29795.0

29731.0

29768.0

29866.0

29909.0

29965.0

30728.0

30773.0

30813.0

30909.0

30867.0

30879.0

30859.0

31536.0

31429.0

31575.0

31629.0

31584.0

31583.0

31714.0

31923.0

31981.0

32228.0

32090.0

32319.0

31965.0

31783.0

31645.0

31813.0

31887.0

32111.0

32184.0

32372.0

32092.0

32093.0

31913.0

32037.0

32060.0

32108.0

32048.0

32075.0

32237.0

32148.0

32246.0

32170.0

31971.0

32009.0

31908.0

31896.0

32246.0

32148.0

32231.0

32315.0

32502.0

32402.0

32459.0

32347.0

32338.0

32400.0

32325.0

32314.0

32258.0

32287.0

32354.0

32378.0

32404.0

32660.0

32671.0

32616.0

32631.0

32697.0

32841.0

32625.0

32535.0

32532.0

32503.0

32519.0

32423.0

32372.0

32448.0

32451.0

32449.0

32580.0

32523.0

32469.0

32278.0

32228.0

32184.0

32253.0

32218.0

32307.0

32474.0

32609.0

32697.0

33199.0

33496.0

33565.0

33593.0

33667.0

33697.0

33612.0

33714.0

33767.0

33739.0

33798.0

33923.0

33868.0

33756.0

33713.0

33874.0

33974.0

33827.0

33898.0

33960.0

33869.0

33891.0

34029.0

33956.0

34459.0

34379.0

34415.0

34302.0

33936.0

33923.0

33951.0

34081.0

34049.0

34138.0

34461.0

34098.0

33992.0

34121.0

34307.0

34275.0

34431.0

34354.0

34452.0

34565.0

34776.0

34665.0

34456.0

34593.0

34374.0

34399.0

34370.0

34370.0

34239.0

34010.0

34089.0

34218.0

34180.0

34415.0

34459.0

34349.0

34388.0

34403.0

34565.0

34507.0

34583.0

35065.0

35711.0

38413.0

38321.0

38430.0

38181.0

38275.0

38473.0

38445.0

38939.0

38756.0

38238.0

38041.0

38332.0

38295.0

38473.0

38524.0

38649.0

38241.0

38363.0

38336.0

38354.0

38646.0

39126.0

39288.0

39627.0

39998.0

39807.0

38112.0

37783.0

37352.0

37363.0

37511.0

37350.0

37298.0

37001.0

36915.0

36691.0

36805.0

37025.0

37137.0

37239.0

37108.0

37070.0

37328.0

37239.0

37355.0

37678.0

37816.0

37998.0

38358.0

38546.0

38309.0

38349.0

38200.0

37692.0

37794.0

37648.0

37990.0

38072.0

38140.0

38304.0

38251.0

39204.0

38966.0

39318.0

39118.0

39775.0

39921.0

39943.0

39916.0

39859.0

40005.0

39838.0

39743.0

39858.0

39639.0

39799.0

40047.0

40246.0

40740.0

40655.0

39908.0

39616.0

39657.0

39658.0

39748.0

40087.0

39379.0

39624.0

40391.0

40425.0

39965.0

39946.0

40166.0

39722.0

39893.0

40011.0

39686.0

39678.0

39926.0

39701.0

39766.0

40038.0

39991.0

40137.0

40061.0

40019.0

39922.0

40114.0

40359.0

40234.0

39987.0

39670.0

39765.0

39867.0

39786.0

40018.0

39944.0

39779.0

39717.0

39640.0

39528.0

39708.0

39826.0

39650.0

39654.0

39793.0

40165.0

40063.0

39958.0

40073.0

40110.0

40065.0

39941.0

39744.0

39779.0

39762.0

39837.0

39755.0

39663.0

38675.0

38737.0

38948.0

38940.0

38828.0

38752.0

38936.0

38997.0

39049.0

39043.0

39010.0

39037.0

39139.0

39129.0

39400.0

40256.0

40913.0

41267.0

41314.0

41621.0

41901.0

41939.0

41968.0

42046.0

41879.0

41690.0

41766.0

41486.0

41499.0

41588.0

41562.0

41729.0

41740.0

41692.0

41786.0

41572.0

41661.0

41609.0

41395.0

41422.0

41512.0

41537.0

41327.0

41229.0

41387.0

41355.0

41326.0

41661.0

41697.0

41803.0

41905.0

41847.0

41634.0

41844.0

41733.0

41688.0

41973.0

42352.0

42250.0

41941.0

41847.0

41802.0

41710.0

41774.0

41925.0

41806.0

41654.0

41562.0

41747.0

41596.0

41480.0

41385.0

41541.0

41204.0

41219.0

41021.0

41243.0

41048.0

41416.0

41192.0

41120.0

41179.0

40325.0

39945.0

39985.0

39597.0

39694.0

39751.0

39830.0

39764.0

39714.0

39762.0

39763.0

40360.0

40119.0

39645.0

39654.0

39612.0

39790.0

39571.0

39338.0

39253.0

39478.0

39616.0

39743.0

39785.0

39759.0

39795.0

39699.0

39754.0

39249.0

38869.0

39006.0

39260.0

39444.0

39414.0

39060.0

39170.0

38981.0

39069.0

38925.0

38650.0

38573.0

38354.0

38495.0

38467.0

38610.0

38603.0

38525.0

38662.0

38753.0

38520.0

38383.0

38520.0

38586.0

38624.0

38142.0

38177.0

38431.0

38340.0

37957.0

38200.0

38187.0

38101.0

38263.0

38371.0

38310.0

38421.0

38169.0

38458.0

38414.0

38250.0

38080.0

37974.0

38097.0

38168.0

37992.0

37881.0

37811.0

37778.0

37860.0

37885.0

38025.0

38217.0

38385.0

38865.0

39151.0

39031.0

39339.0

39341.0

39504.0

39394.0

39611.0

39619.0

39768.0

39736.0

39802.0

39951.0

39660.0

39864.0

39722.0

39416.0

39390.0

39384.0

39404.0

39520.0

39383.0

39430.0

39263.0

39074.0

38856.0

38854.0

38373.0

38192.0

38070.0

38162.0

38087.0

37995.0

37792.0

38490.0

39267.0

39279.0

39664.0

40363.0

40551.0

41103.0

40734.0

40973.0

40817.0

40976.0

40938.0

41016.0

40787.0

40243.0

40668.0

40406.0

40582.0

40299.0

40132.0

40474.0

41134.0

41034.0

40820.0

40836.0

40829.0

40602.0

40788.0

40683.0

40898.0

40889.0

40855.0

40836.0

41537.0

42773.0

42429.0

42850.0

42772.0

42879.0

42896.0

42801.0

42597.0

42617.0

42713.0

42751.0

42830.0

43083.0

43198.0

43279.0

43150.0

43722.0

43454.0

43466.0

43376.0

43218.0

43353.0

43333.0

43568.0

43761.0

43671.0

43679.0

44381.0

43387.0

43356.0

43582.0

43572.0

42917.0

43632.0

43351.0

43447.0

43696.0

43612.0

43921.0

44173.0

43862.0

43991.0

44381.0

44654.0

44370.0

44013.0

44036.0

44244.0

44288.0

44253.0

44597.0

44904.0

45102.0

44983.0

44727.0

44662.0

44701.0

44432.0

44615.0

44778.0

44983.0

44683.0

44360.0

44142.0

44084.0

43758.0

43856.0

43713.0

43580.0

43584.0

43819.0

43988.0

44375.0

44375.0

44116.0

43486.0

43072.0

43192.0

43349.0

43411.0

43485.0

43534.0

43588.0

43417.0

43601.0

43718.0

43826.0

44575.0

45141.0

45535.0

45588.0

45715.0

45703.0

45507.0

45730.0

45942.0

46067.0

45911.0

45848.0

45982.0

46258.0

46063.0

45773.0

45196.0

