29782.0

29908.0

29856.0

29725.0

29714.0

29833.0

29904.0

29984.0

29909.0

29765.0

29704.0

29717.0

29841.0

29657.0

29744.0

29840.0

29862.0

29918.0

30645.0

30653.0

30744.0

30872.0

30884.0

30822.0

30910.0

30937.0

31477.0

31507.0

31641.0

31582.0

31581.0

31774.0

31893.0

31884.0

32103.0

32065.0

32229.0

32161.0

31837.0

31708.0

31908.0

31962.0

32156.0

32105.0

32189.0

32311.0

32140.0

31979.0

31954.0

31979.0

32229.0

32062.0

31970.0

32090.0

32319.0

32182.0

32189.0

31852.0

31923.0

31840.0

31961.0

32175.0

32193.0

32131.0

32313.0

32442.0

32368.0

32500.0

32465.0

32301.0

32323.0

32338.0

32299.0

32459.0

32199.0

32287.0

32348.0

32340.0

32428.0

32737.0

32682.0

32577.0

32704.0

32781.0

32704.0

32667.0

32473.0

32523.0

32401.0

32471.0

32327.0

32463.0

32360.0

32402.0

32481.0

32567.0

32512.0

32424.0

32184.0

32148.0

32215.0

32203.0

32255.0

32456.0

32517.0

32674.0

32900.0

33253.0

33590.0

33668.0

33525.0

33723.0

33684.0

33645.0

33738.0

33694.0

33807.0

33914.0

33844.0

33749.0

33712.0

33864.0

33934.0

33934.0

33898.0

33867.0

33933.0

33835.0

33930.0

33940.0

34226.0

34492.0

34370.0

34385.0

34190.0

33976.0

33967.0

34009.0

33986.0

34015.0

34303.0

34086.0

34031.0

34030.0

34228.0

34276.0

34328.0

34465.0

34354.0

34479.0

34709.0

34790.0

34599.0

34459.0

34563.0

34482.0

34432.0

34305.0

34134.0

34103.0

34196.0

34231.0

34230.0

34333.0

34457.0

34432.0

34516.0

34444.0

34465.0

34570.0

34576.0

34712.0

35375.0

35976.0

38075.0

38137.0

38110.0

38188.0

38332.0

38365.0

38569.0

38839.0

38544.0

37988.0

38281.0

38182.0

38267.0

38559.0

38476.0

38749.0

38284.0

38466.0

38348.0

38603.0

39176.0

38930.0

39236.0

39786.0

40344.0

38476.0

37677.0

36970.0

37029.0

37549.0

37325.0

37355.0

37072.0

37047.0

36630.0

36767.0

36900.0

36981.0

37173.0

37257.0

37148.0

37220.0

37266.0

37436.0

37427.0

37580.0

38039.0

38310.0

38439.0

37875.0

38294.0

38169.0

37879.0

37742.0

37686.0

37925.0

38035.0

37994.0

38034.0

38349.0

38476.0

39073.0

39347.0

39093.0

39294.0

40080.0

39729.0

39889.0

39734.0

39983.0

40132.0

39525.0

39712.0

39792.0

39604.0

39804.0

40120.0

40369.0

40643.0

39978.0

39685.0

39769.0

39509.0

39788.0

39912.0

40182.0

39006.0

40185.0

40117.0

40141.0

40085.0

40080.0

40050.0

39756.0

40027.0

39782.0

39430.0

39810.0

39780.0

39665.0

39978.0

39857.0

40173.0

40109.0

40058.0

39853.0

39963.0

40267.0

40389.0

40220.0

39824.0

39691.0

39930.0

39940.0

39953.0

39947.0

39909.0

39824.0

39691.0

39503.0

39544.0

39694.0

39738.0

39597.0

39756.0

39926.0

40025.0

40007.0

39967.0

40211.0

40001.0

40069.0

39907.0

39760.0

39742.0

39798.0

39835.0

39714.0

38781.0

38566.0

38749.0

38852.0

38749.0

38843.0

38847.0

39068.0

39062.0

39101.0

39100.0

39052.0

39052.0

39136.0

39365.0

40023.0

40807.0

41396.0

41162.0

41504.0

42188.0

41756.0

41796.0

41942.0

41992.0

41843.0

41752.0

41733.0

41646.0

41491.0

41539.0

41685.0

41737.0

41618.0

41774.0

41807.0

41614.0

41553.0

41468.0

41377.0

41376.0

41520.0

41431.0

41356.0

41210.0

41405.0

41428.0

41247.0

41544.0

41828.0

41810.0

41919.0

41638.0

41687.0

41762.0

41727.0

41829.0

42333.0

42283.0

41843.0

41846.0

41727.0

41765.0

41776.0

41756.0

41870.0

41719.0

41476.0

41597.0

41737.0

41490.0

41503.0

41380.0

41461.0

40896.0

41191.0

41049.0

41200.0

41225.0

41474.0

41333.0

41120.0

40670.0

40385.0

40031.0

39669.0

39551.0

39633.0

39873.0

39779.0

39814.0

39747.0

39772.0

39936.0

40234.0

39970.0

39597.0

39549.0

39659.0

39547.0

39578.0

39300.0

39357.0

39675.0

39648.0

39723.0

39955.0

39735.0

39733.0

39720.0

39550.0

38934.0

38896.0

39260.0

39487.0

39496.0

39227.0

39619.0

39075.0

39011.0

39017.0

38675.0

38800.0

38197.0

38328.0

38418.0

38613.0

38489.0

38605.0

38561.0

38629.0

38687.0

38543.0

38354.0

38463.0

38527.0

38325.0

38215.0

38146.0

38455.0

38095.0

38081.0

38337.0

38006.0

38134.0

38263.0

38525.0

38536.0

38192.0

38265.0

38532.0

38324.0

38136.0

38068.0

37908.0

38183.0

38048.0

38132.0

37812.0

37940.0

37784.0

37876.0

37864.0

38162.0

38190.0

38525.0

39128.0

39069.0

39158.0

39332.0

39387.0

39418.0

39396.0

39626.0

39748.0

39776.0

39720.0

39860.0

39934.0

39715.0

39775.0

39746.0

39324.0

39472.0

39403.0

39399.0

39499.0

39479.0

39394.0

39088.0

38897.0

38956.0

38554.0

38184.0

38177.0

38237.0

38078.0

37873.0

37839.0

38314.0

38965.0

39035.0

39227.0

40132.0

40644.0

40880.0

41160.0

40967.0

40964.0

40897.0

40896.0

41059.0

40893.0

40392.0

40285.0

40405.0

40463.0

40281.0

40015.0

40277.0

40543.0

40830.0

40922.0

40917.0

40920.0

40663.0

40571.0

40630.0

40522.0

40759.0

40979.0

40815.0

40814.0

41810.0

42589.0

42615.0

42897.0

42876.0

42884.0

42853.0

42702.0

42643.0

42718.0

42715.0

42823.0

42935.0

43024.0

43215.0

43285.0

43328.0

43644.0

43372.0

43441.0

43200.0

43161.0

43337.0

43470.0

43741.0

43741.0

43506.0

43847.0

43924.0

43634.0

43403.0

43531.0

43510.0

42811.0

43569.0

43422.0

43555.0

43664.0

43756.0

43944.0

44095.0

43983.0

44189.0

44590.0

44320.0

44195.0

44005.0

43951.0

44160.0

44459.0

44429.0

44749.0

45176.0

45136.0

44965.0

44544.0

44727.0

44419.0

44434.0

44507.0

44842.0

44832.0

44686.0

44012.0

44090.0

44213.0

43653.0

43751.0

43737.0

43717.0

43901.0

43902.0

44170.0

44378.0

44407.0

43838.0

43219.0

43170.0

43266.0

43489.0

43591.0

43437.0

43710.0

43571.0

43502.0

43457.0

43739.0

43797.0

44668.0

44974.0

45769.0

45889.0

45679.0

45850.0

45995.0

45682.0

45918.0

45804.0

45840.0

45872.0

46360.0

46333.0

46245.0

45556.0

45929.0

