29758.0

29950.0

29840.0

29710.0

29709.0

29812.0

29898.0

29925.0

29924.0

29712.0

29726.0

29658.0

29834.0

29676.0

29678.0

29855.0

29896.0

29923.0

30416.0

30682.0

30770.0

30808.0

30894.0

30861.0

30875.0

30931.0

31488.0

31448.0

31577.0

31595.0

31596.0

31701.0

31890.0

31914.0

32062.0

31997.0

32210.0

32168.0

31986.0

31719.0

31776.0

31977.0

32030.0

32132.0

32229.0

32312.0

32126.0

32031.0

31968.0

31982.0

32178.0

32095.0

31960.0

32069.0

32301.0

32173.0

32202.0

31913.0

31908.0

31891.0

31971.0

32083.0

32190.0

32122.0

32220.0

32372.0

32387.0

32469.0

32451.0

32301.0

32349.0

32368.0

32315.0

32336.0

32199.0

32255.0

32385.0

32318.0

32426.0

32744.0

32674.0

32591.0

32699.0

32758.0

32724.0

32672.0

32531.0

32510.0

32510.0

32465.0

32299.0

32479.0

32379.0

32413.0

32451.0

32576.0

32506.0

32442.0

32153.0

32168.0

32214.0

32256.0

32222.0

32335.0

32520.0

32637.0

32825.0

33244.0

33543.0

33665.0

33591.0

33677.0

33711.0

33648.0

33688.0

33686.0

33792.0

33853.0

33864.0

33797.0

33670.0

33809.0

33895.0

33928.0

33891.0

33842.0

33944.0

33835.0

33936.0

33978.0

34169.0

34486.0

34325.0

34391.0

34195.0

33981.0

33976.0

33987.0

33984.0

34040.0

34277.0

34181.0

34039.0

34022.0

34197.0

34288.0

34316.0

34449.0

34353.0

34444.0

34730.0

34774.0

34581.0

34502.0

34558.0

34447.0

34414.0

34363.0

34166.0

34102.0

34015.0

34182.0

34267.0

34263.0

34456.0

34463.0

34456.0

34388.0

34441.0

34578.0

34532.0

34798.0

35253.0

35810.0

37897.0

38094.0

38313.0

38176.0

38397.0

38307.0

38486.0

38979.0

38762.0

37955.0

38176.0

38258.0

38220.0

38598.0

38468.0

38839.0

38290.0

38445.0

38340.0

38538.0

38842.0

38882.0

39222.0

39706.0

40390.0

38694.0

37719.0

37128.0

37060.0

37465.0

37323.0

37262.0

37005.0

37029.0

36726.0

36733.0

36923.0

37035.0

37169.0

37232.0

37226.0

37168.0

37328.0

37356.0

37374.0

37613.0

37987.0

38279.0

38417.0

37983.0

38195.0

38113.0

37755.0

37666.0

37803.0

37984.0

37938.0

38076.0

38019.0

38406.0

38315.0

39043.0

39179.0

39148.0

39266.0

39844.0

39933.0

40134.0

39780.0

39859.0

40103.0

39854.0

39731.0

39806.0

39553.0

39811.0

40166.0

40313.0

40721.0

40573.0

39797.0

39622.0

39510.0

39723.0

39813.0

40170.0

39061.0

39799.0

40374.0

40118.0

40145.0

40081.0

40095.0

39824.0

40020.0

39803.0

39455.0

39811.0

39836.0

39695.0

39899.0

39935.0

40165.0

40139.0

40028.0

39893.0

39986.0

40188.0

40475.0

40205.0

39831.0

39638.0

39894.0

39930.0

39917.0

39964.0

39926.0

39742.0

39857.0

39527.0

39577.0

39709.0

39752.0

39618.0

39745.0

39944.0

40017.0

40048.0

39975.0

40197.0

40010.0

40020.0

39912.0

39814.0

39776.0

39814.0

39796.0

39684.0

38715.0

38537.0

38659.0

38883.0

38747.0

38844.0

38833.0

39040.0

39058.0

39081.0

39093.0

39028.0

39056.0

39169.0

39288.0

39847.0

40864.0

41257.0

41101.0

41424.0

41954.0

41753.0

41830.0

41925.0

42003.0

41823.0

41723.0

41763.0

41452.0

41480.0

41578.0

41702.0

41757.0

41647.0

41709.0

41780.0

41614.0

41588.0

41505.0

41278.0

41358.0

41474.0

41448.0

41335.0

41201.0

41401.0

41361.0

41279.0

41589.0

41812.0

41751.0

41920.0

41766.0

41652.0

41730.0

41726.0

41796.0

42277.0

42296.0

42104.0

41882.0

41760.0

41744.0

41788.0

41729.0

41871.0

41780.0

41563.0

41601.0

41768.0

41524.0

41515.0

41423.0

41477.0

41009.0

41236.0

41063.0

41210.0

41195.0

41425.0

41314.0

41290.0

40901.0

40430.0

40057.0

39831.0

39607.0

39735.0

39785.0

39770.0

39744.0

39756.0

39789.0

39764.0

40303.0

40038.0

39632.0

39527.0

39631.0

39564.0

39568.0

39275.0

39355.0

39725.0

39701.0

39793.0

39951.0

39827.0

39735.0

39733.0

39544.0

38986.0

38883.0

39119.0

39450.0

39541.0

39226.0

39639.0

39119.0

38957.0

39060.0

38741.0

38862.0

38224.0

38349.0

38387.0

38596.0

38549.0

38639.0

38579.0

38662.0

38745.0

38549.0

38239.0

38459.0

38579.0

38326.0

38297.0

38172.0

38512.0

38155.0

38044.0

38259.0

38013.0

38073.0

38350.0

38463.0

38571.0

38279.0

38259.0

38519.0

38422.0

38171.0

38106.0

37992.0

38096.0

38098.0

38108.0

37871.0

37875.0

37730.0

37819.0

37871.0

38241.0

38195.0

38459.0

38830.0

38976.0

39173.0

39343.0

39414.0

39425.0

39411.0

39642.0

39735.0

39841.0

39670.0

39849.0

39939.0

39665.0

39802.0

39740.0

39489.0

39446.0

39388.0

39424.0

39529.0

39465.0

39404.0

39166.0

38978.0

38830.0

38644.0

38170.0

38176.0

38106.0

38063.0

38003.0

37782.0

38285.0

38888.0

39334.0

39290.0

39758.0

40483.0

40874.0

41240.0

41004.0

40979.0

41098.0

40847.0

41025.0

40906.0

40638.0

40208.0

40572.0

40382.0

40433.0

40080.0

40279.0

40548.0

40834.0

40779.0

40808.0

41063.0

40726.0

40541.0

40620.0

40587.0

40843.0

41003.0

40865.0

40801.0

41673.0

42566.0

42631.0

42921.0

42878.0

42861.0

42888.0

42707.0

42657.0

42698.0

42715.0

42810.0

42898.0

43033.0

43191.0

43177.0

43367.0

43650.0

43435.0

43527.0

43136.0

43211.0

43203.0

43456.0

43751.0

43767.0

43482.0

43792.0

44238.0

43402.0

43378.0

43534.0

43513.0

42774.0

43608.0

43422.0

43538.0

43611.0

43828.0

43954.0

44167.0

43987.0

44190.0

44601.0

44289.0

44150.0

44044.0

44054.0

44177.0

44400.0

44292.0

44699.0

45039.0

45186.0

44964.0

44691.0

44748.0

44332.0

44496.0

44526.0

44818.0

44914.0

44639.0

44166.0

44130.0

44242.0

43695.0

43841.0

43815.0

43491.0

43771.0

44010.0

44157.0

44421.0

44452.0

43840.0

43333.0

43143.0

43202.0

43480.0

43484.0

43363.0

43715.0

43489.0

43515.0

43490.0

43809.0

43833.0

44666.0

44882.0

45581.0

45927.0

45720.0

45810.0

45996.0

45618.0

45967.0

45908.0

45894.0

45893.0

46211.0

46302.0

46224.0

45670.0

45663.0

