29710.0

29929.0

29856.0

29729.0

29813.0

29904.0

29991.0

29725.0

29704.0

29802.0

29717.0

29744.0

29840.0

29908.0

30645.0

30743.0

30822.0

30884.0

30862.0

30890.0

31477.0

31541.0

31619.0

31581.0

31716.0

31925.0

32103.0

32079.0

32303.0

31837.0

31727.0

31810.0

32156.0

32126.0

32405.0

32140.0

32018.0

32024.0

32229.0

32043.0

32103.0

32319.0

32285.0

32199.0

31923.0

31860.0

31863.0

32193.0

32179.0

32411.0

32368.0

32460.0

32331.0

32323.0

32320.0

32304.0

32199.0

32330.0

32355.0

32428.0

32658.0

32617.0

32704.0

32772.0

32629.0

32473.0

32506.0

32519.0

32327.0

32482.0

32413.0

32481.0

32560.0

32439.0

32184.0

32166.0

32279.0

32255.0

32443.0

32645.0

32900.0

33416.0

33606.0

33525.0

33713.0

33635.0

33738.0

33732.0

33848.0

33844.0

33777.0

33769.0

33934.0

33822.0

33856.0

33933.0

33868.0

34009.0

34226.0

34394.0

34383.0

34190.0

33839.0

33954.0

33986.0

34106.0

34274.0

34031.0

34142.0

34344.0

34328.0

34361.0

34450.0

34709.0

34739.0

34467.0

34563.0

34411.0

34368.0

34134.0

33981.0

34123.0

34230.0

34424.0

34463.0

34516.0

34412.0

34571.0

34576.0

34958.0

35781.0

38075.0

38332.0

38160.0

38332.0

38423.0

39059.0

38544.0

38072.0

38281.0

38267.0

38500.0

38794.0

38284.0

38403.0

38406.0

39176.0

39198.0

39664.0

40344.0

37916.0

37639.0

37029.0

37584.0

37401.0

37072.0

37064.0

36714.0

36900.0

37203.0

37306.0

37148.0

37384.0

37302.0

37427.0

37653.0

38012.0

38439.0

38209.0

38209.0

37879.0

37800.0

37900.0

38035.0

38087.0

38392.0

38476.0

39016.0

39172.0

39294.0

39908.0

40115.0

39734.0

40006.0

39841.0

39712.0

39670.0

39804.0

40120.0

40648.0

40652.0

39685.0

39716.0

39620.0

39912.0

39821.0

39578.0

40117.0

40024.0

39948.0

40050.0

39882.0

39954.0

39430.0

39830.0

39631.0

39978.0

39809.0

40110.0

40058.0

39895.0

40127.0

40389.0

40203.0

39718.0

39930.0

39776.0

40042.0

39909.0

39756.0

39547.0

39544.0

39757.0

39644.0

39756.0

40307.0

40088.0

39967.0

40153.0

40092.0

39907.0

39703.0

39799.0

39835.0

39734.0

38449.0

38749.0

38893.0

38822.0

38847.0

39034.0

39073.0

39100.0

39036.0

39164.0

39365.0

40211.0

40906.0

41162.0

41430.0

41915.0

41796.0

42107.0

41867.0

41752.0

41597.0

41448.0

41539.0

41652.0

41739.0

41774.0

41629.0

41640.0

41468.0

41411.0

41491.0

41431.0

41264.0

41378.0

41428.0

41365.0

41706.0

41810.0

41843.0

41627.0

41762.0

41722.0

42215.0

42283.0

41888.0

41786.0

41765.0

41774.0

41896.0

41719.0

41447.0

41688.0

41490.0

41440.0

41516.0

40896.0

41024.0

41161.0

41225.0

41334.0

41207.0

40670.0

39848.0

39944.0

39551.0

39688.0

39804.0

39814.0

39680.0

39747.0

40234.0

39774.0

39575.0

39659.0

39598.0

39258.0

39357.0

39627.0

39768.0

39955.0

39783.0

39711.0

39550.0

39088.0

38896.0

39487.0

39388.0

39256.0

39075.0

39062.0

38844.0

38800.0

38280.0

38445.0

38613.0

38676.0

38619.0

38629.0

38682.0

38290.0

38463.0

38615.0

38089.0

38146.0

38308.0

37964.0

38337.0

38131.0

38276.0

38525.0

38418.0

38126.0

38532.0

38215.0

37999.0

37908.0

38225.0

37950.0

37812.0

37766.0

37840.0

37864.0

38164.0

38494.0

39128.0

39155.0

39328.0

39387.0

39402.0

39697.0

39748.0

39788.0

39807.0

39934.0

39843.0

39725.0

39324.0

39389.0

39398.0

39499.0

39489.0

39231.0

38897.0

38942.0

38256.0

38177.0

38214.0

37995.0

37839.0

38442.0

39333.0

39227.0

40304.0

40848.0

41160.0

40991.0

40994.0

40896.0

41016.0

40592.0

40285.0

40433.0

40444.0

40015.0

40404.0

40915.0

40922.0

40848.0

40796.0

40571.0

40690.0

40919.0

40979.0

40785.0

41638.0

42589.0

42881.0

42809.0

42884.0

42611.0

42627.0

42718.0

42742.0

42792.0

43024.0

43346.0

43227.0

43644.0

43410.0

43396.0

43161.0

43380.0

43588.0

43741.0

43704.0

44427.0

43634.0

43504.0

43606.0

42811.0

43454.0

43534.0

43664.0

43928.0

44284.0

43983.0

44275.0

44358.0

44195.0

43894.0

44261.0

44459.0

44501.0

45035.0

45136.0

44785.0

44701.0

44419.0

44472.0

44867.0

44832.0

44510.0

44019.0

44213.0

43792.0

43784.0

43717.0

43954.0

44113.0

44378.0

44166.0

43503.0

43170.0

43296.0

43437.0

43437.0

43649.0

43390.0

43457.0

43691.0

44610.0

44974.0

45757.0

45763.0

45850.0

45915.0

45959.0

45804.0

45850.0

46004.0

46333.0

46340.0

45233.0

