29782.0

29910.0

29729.0

29714.0

29824.0

29885.0

29909.0

29755.0

29635.0

29841.0

29693.0

29838.0

29862.0

29940.0

30701.0

30744.0

30923.0

30875.0

30910.0

31410.0

31434.0

31641.0

31554.0

31616.0

31893.0

31987.0

32228.0

32229.0

31953.0

31738.0

31908.0

31907.0

32154.0

32189.0

32178.0

32060.0

31954.0

31995.0

32108.0

31970.0

32066.0

32194.0

32189.0

31950.0

31940.0

31961.0

32224.0

32127.0

32313.0

32551.0

32404.0

32465.0

32326.0

32430.0

32299.0

32230.0

32251.0

32348.0

32397.0

32753.0

32682.0

32622.0

32727.0

32704.0

32636.0

32511.0

32401.0

32412.0

32367.0

32360.0

32478.0

32594.0

32512.0

32318.0

32201.0

32215.0

32203.0

32314.0

32517.0

32683.0

33229.0

33590.0

33610.0

33667.0

33684.0

33726.0

33722.0

33807.0

33932.0

33837.0

33712.0

33887.0

33940.0

33898.0

33913.0

33851.0

33930.0

33936.0

34477.0

34370.0

34340.0

33973.0

33967.0

34151.0

34076.0

34303.0

34055.0

33966.0

34228.0

34220.0

34400.0

34354.0

34496.0

34743.0

34599.0

34545.0

34404.0

34432.0

34331.0

34225.0

34196.0

34219.0

34249.0

34457.0

34418.0

34377.0

34465.0

34539.0

34724.0

35375.0

37764.0

38216.0

38110.0

38300.0

38330.0

38569.0

38720.0

38104.0

38281.0

38273.0

38589.0

38476.0

38409.0

38420.0

38348.0

38633.0

39067.0

39236.0

39732.0

39554.0

37677.0

37183.0

37577.0

37325.0

37415.0

36922.0

36630.0

36854.0

36995.0

37173.0

37049.0

37135.0

37266.0

37400.0

37656.0

38039.0

38377.0

38499.0

38294.0

38206.0

37673.0

37686.0

37937.0

38013.0

38034.0

38274.0

39093.0

39347.0

39089.0

39801.0

39729.0

39922.0

39816.0

40132.0

39651.0

39838.0

39604.0

39935.0

40255.0

40643.0

39826.0

39607.0

39509.0

39696.0

40116.0

39006.0

40414.0

40369.0

40085.0

40145.0

39772.0

40027.0

39643.0

39683.0

39780.0

39687.0

40005.0

40173.0

39991.0

39932.0

39963.0

40430.0

40207.0

39824.0

39725.0

39899.0

39953.0

39992.0

39765.0

39691.0

39555.0

39718.0

39738.0

39575.0

39811.0

40025.0

39946.0

40111.0

40001.0

40005.0

39806.0

39742.0

39844.0

39731.0

38781.0

38770.0

38926.0

38749.0

38772.0

38960.0

39062.0

39111.0

39004.0

39052.0

39123.0

39650.0

40807.0

41171.0

41422.0

42188.0

41922.0

41941.0

41992.0

41832.0

41803.0

41646.0

41526.0

41563.0

41737.0

41648.0

41788.0

41614.0

41629.0

41391.0

41376.0

41556.0

41347.0

41210.0

41422.0

41328.0

41544.0

41955.0

41888.0

41638.0

41747.0

41734.0

41829.0

42467.0

42131.0

41846.0

41755.0

41714.0

41756.0

41907.0

41522.0

41597.0

41647.0

41468.0

41380.0

41304.0

41277.0

41049.0

41070.0

41321.0

41333.0

41124.0

40320.0

40031.0

39590.0

39701.0

39873.0

39846.0

39716.0

39772.0

40286.0

40111.0

39597.0

39632.0

39752.0

39578.0

39346.0

39598.0

39648.0

39773.0

39812.0

39733.0

39690.0

39222.0

38896.0

39279.0

39474.0

39227.0

39395.0

38932.0

39017.0

38693.0

38445.0

38328.0

38445.0

38622.0

38605.0

38645.0

38736.0

38543.0

38455.0

38543.0

38325.0

38223.0

38459.0

38095.0

38213.0

38076.0

38134.0

38358.0

38338.0

38192.0

38481.0

38392.0

38136.0

38038.0

38049.0

38048.0

37877.0

37845.0

37784.0

37859.0

38091.0

38190.0

38846.0

39070.0

39158.0

39323.0

39526.0

39396.0

39606.0

39777.0

39720.0

39853.0

39726.0

39775.0

39616.0

39552.0

39403.0

39489.0

39414.0

39394.0

39140.0

38894.0

38554.0

38069.0

38038.0

38078.0

37952.0

37932.0

38965.0

39012.0

39783.0

40644.0

40980.0

40915.0

40964.0

40951.0

40996.0

40893.0

40184.0

40603.0

40463.0

40297.0

40239.0

40543.0

41063.0

40779.0

40920.0

40664.0

40653.0

40522.0

40834.0

40874.0

40814.0

42117.0

42519.0

42897.0

42809.0

42870.0

42702.0

42491.0

42745.0

42823.0

43223.0

43259.0

43285.0

43736.0

43380.0

43441.0

43287.0

43285.0

43470.0

43668.0

43668.0

43847.0

43541.0

43314.0

43531.0

43390.0

43661.0

43422.0

43624.0

43891.0

43944.0

43769.0

44042.0

44590.0

44628.0

44049.0

43951.0

44298.0

44295.0

44749.0

45031.0

44886.0

44544.0

44712.0

44431.0

44507.0

45068.0

44714.0

44012.0

44016.0

43811.0

43751.0

43631.0

43686.0

43902.0

44233.0

44320.0

43838.0

43279.0

43150.0

43489.0

43546.0

43602.0

43571.0

43511.0

43791.0

43797.0

44902.0

45607.0

45889.0

45693.0

45416.0

45682.0

45946.0

45884.0

45872.0

46221.0

45986.0

45556.0

