29695.0

29907.0

29830.0

29711.0

29835.0

29886.0

29938.0

29761.0

29610.0

29866.0

29654.0

29763.0

29900.0

29903.0

30724.0

30792.0

30861.0

30855.0

30879.0

30947.0

31445.0

31554.0

31587.0

31596.0

31855.0

31934.0

32306.0

32230.0

32221.0

31773.0

31774.0

31941.0

32125.0

32249.0

32269.0

32094.0

31926.0

32018.0

32154.0

31968.0

32078.0

32213.0

32207.0

31916.0

32004.0

31993.0

32137.0

32150.0

32186.0

32472.0

32437.0

32438.0

32321.0

32366.0

32354.0

32406.0

32254.0

32368.0

32364.0

32644.0

32668.0

32585.0

32694.0

32693.0

32649.0

32522.0

32518.0

32428.0

32390.0

32403.0

32427.0

32566.0

32518.0

32428.0

32241.0

32185.0

32185.0

32303.0

32493.0

32670.0

33098.0

33529.0

33649.0

33588.0

33735.0

33638.0

33812.0

33792.0

33937.0

33863.0

33667.0

33863.0

33961.0

33839.0

33873.0

33867.0

33942.0

33934.0

34370.0

34327.0

34353.0

33944.0

33957.0

34140.0

34058.0

34254.0

33993.0

34019.0

34182.0

34257.0

34440.0

34351.0

34475.0

34807.0

34572.0

34471.0

34368.0

34449.0

34316.0

34213.0

33968.0

34257.0

34150.0

34440.0

34432.0

34409.0

34423.0

34569.0

34587.0

35241.0

35925.0

38352.0

38373.0

38165.0

38489.0

38529.0

38894.0

38193.0

38130.0

38154.0

38439.0

38464.0

38736.0

38361.0

38323.0

38589.0

39106.0

39328.0

39869.0

39792.0

38132.0

37244.0

37254.0

37342.0

37338.0

37057.0

36764.0

36888.0

37037.0

37119.0

37154.0

37040.0

37329.0

37446.0

37566.0

37896.0

38381.0

38635.0

38094.0

38210.0

37753.0

37838.0

37930.0

38086.0

38056.0

38338.0

39064.0

39015.0

39071.0

39670.0

39913.0

39866.0

39772.0

40100.0

39501.0

39911.0

39537.0

39836.0

40199.0

40722.0

39996.0

39542.0

39679.0

39810.0

39923.0

39282.0

40374.0

40409.0

40116.0

40097.0

39784.0

40014.0

39761.0

39666.0

39928.0

39681.0

40112.0

40127.0

40122.0

40020.0

40035.0

40579.0

40173.0

39750.0

39735.0

39869.0

39885.0

39959.0

39796.0

39779.0

39521.0

39603.0

39741.0

39615.0

39823.0

39993.0

39944.0

40093.0

40089.0

40018.0

39807.0

39729.0

39780.0

39818.0

38995.0

38610.0

38922.0

38850.0

38863.0

38933.0

39075.0

39101.0

39023.0

39071.0

39127.0

39325.0

40429.0

41435.0

41255.0

41838.0

41886.0

41916.0

41975.0

41899.0

41748.0

41507.0

41492.0

41607.0

41758.0

41647.0

41859.0

41644.0

41580.0

41478.0

41344.0

41611.0

41376.0

41241.0

41421.0

41349.0

41649.0

41833.0

41878.0

41837.0

41742.0

41761.0

41777.0

42300.0

42285.0

41884.0

41745.0

41789.0

41696.0

41882.0

41707.0

41559.0

41679.0

41480.0

41350.0

41382.0

41081.0

41074.0

41183.0

41466.0

41308.0

41158.0

40205.0

39888.0

39694.0

39785.0

39769.0

39834.0

39758.0

39830.0

40156.0

40126.0

39632.0

39538.0

39814.0

39563.0

39335.0

39499.0

39622.0

39761.0

39730.0

39765.0

39691.0

39344.0

38846.0

39286.0

39447.0

39328.0

39665.0

38989.0

39073.0

38638.0

38653.0

38333.0

38440.0

38572.0

38650.0

38559.0

38782.0

38568.0

38409.0

38629.0

38483.0

38131.0

38318.0

38203.0

38107.0

38292.0

38076.0

38346.0

38317.0

38351.0

38333.0

38461.0

38162.0

38057.0

38062.0

38138.0

38118.0

37827.0

37740.0

37859.0

37927.0

38168.0

38556.0

39194.0

39125.0

39359.0

39548.0

39440.0

39685.0

39678.0

39668.0

39889.0

39846.0

39727.0

39750.0

39369.0

39357.0

39415.0

39402.0

39389.0

39092.0

38843.0

38774.0

38133.0

38068.0

38118.0

37568.0

37799.0

38881.0

39094.0

39417.0

40394.0

40877.0

40736.0

40886.0

40848.0

41004.0

40871.0

40385.0

40489.0

40371.0

40242.0

40043.0

40447.0

40759.0

40854.0

41074.0

40653.0

40801.0

40644.0

40798.0

40888.0

40878.0

41816.0

42363.0

43058.0

42780.0

42889.0

42719.0

42636.0

42631.0

42796.0

42968.0

43174.0

43160.0

43554.0

43489.0

43560.0

43226.0

43381.0

43449.0

43737.0

43713.0

43722.0

43693.0

43354.0

43521.0

43415.0

43643.0

43483.0

43619.0

43521.0

43971.0

44070.0

44044.0

44430.0

44367.0

44072.0

44000.0

44255.0

44229.0

44740.0

45225.0

44890.0

44734.0

44727.0

44342.0

44535.0

44889.0

44707.0

44237.0

44116.0

43925.0

43884.0

43771.0

43603.0

43825.0

44143.0

44364.0

43846.0

43167.0

43168.0

43492.0

43591.0

43593.0

43516.0

43447.0

43725.0

43850.0

44844.0

45527.0

45705.0

45725.0

45733.0

45725.0

45939.0

45868.0

45832.0

46402.0

46198.0

45672.0

45823.0

