29555.0

29791.0

29827.0

29719.0

29817.0

29869.0

29981.0

29818.0

29725.0

29724.0

29864.0

29625.0

29836.0

29915.0

30434.0

30660.0

30842.0

30880.0

30826.0

30865.0

31503.0

31490.0

31650.0

31574.0

31774.0

31912.0

32089.0

32162.0

32589.0

31937.0

31752.0

31802.0

31968.0

32155.0

32291.0

32083.0

31996.0

32067.0

32151.0

32020.0

32100.0

32282.0

32245.0

32147.0

31925.0

31826.0

31898.0

32229.0

32150.0

32276.0

32436.0

32496.0

32385.0

32358.0

32356.0

32315.0

32232.0

32304.0

32315.0

32409.0

32716.0

32663.0

32687.0

32753.0

32612.0

32545.0

32549.0

32472.0

32359.0

32497.0

32360.0

32453.0

32550.0

32467.0

32188.0

32156.0

32224.0

32246.0

32465.0

32575.0

32760.0

33232.0

33528.0

33607.0

33707.0

33643.0

33715.0

33689.0

33805.0

33888.0

33752.0

33709.0

33887.0

33936.0

33878.0

33959.0

33837.0

33991.0

34056.0

34473.0

34458.0

34302.0

33953.0

33962.0

33981.0

34063.0

34433.0

34097.0

34090.0

34299.0

34185.0

34469.0

34492.0

34672.0

34760.0

34487.0

34578.0

34490.0

34356.0

34260.0

34117.0

34173.0

34224.0

34308.0

34475.0

34404.0

34466.0

34501.0

34551.0

34659.0

35662.0

37764.0

38182.0

38145.0

38330.0

38357.0

38720.0

38829.0

37980.0

38315.0

38238.0

38567.0

38560.0

38126.0

38470.0

38367.0

38748.0

39025.0

39540.0

40204.0

38515.0

37647.0

37081.0

37636.0

37186.0

37083.0

37106.0

36627.0

37015.0

37068.0

37228.0

37198.0

37268.0

37228.0

37320.0

37625.0

37903.0

38323.0

37890.0

38418.0

37931.0

37757.0

37638.0

37905.0

38018.0

38236.0

38255.0

39067.0

39254.0

39287.0

40132.0

39764.0

39819.0

39990.0

39920.0

39671.0

39766.0

39703.0

40158.0

40360.0

40776.0

39816.0

39773.0

39583.0

39837.0

40181.0

39615.0

40404.0

40156.0

39968.0

40123.0

39957.0

40155.0

39529.0

39808.0

39740.0

39847.0

39847.0

40138.0

40055.0

39903.0

40141.0

40460.0

40165.0

39676.0

39878.0

39863.0

39978.0

39917.0

39823.0

39649.0

39612.0

39671.0

39700.0

39757.0

40167.0

40040.0

40010.0

40189.0

40065.0

39919.0

39735.0

39683.0

39892.0

39721.0

38664.0

38647.0

38857.0

38797.0

38810.0

39090.0

39050.0

39016.0

39051.0

39139.0

39269.0

40106.0

40919.0

41123.0

41443.0

42041.0

41911.0

42064.0

41885.0

41756.0

41728.0

41547.0

41601.0

41639.0

41821.0

41657.0

41572.0

41677.0

41548.0

41483.0

41536.0

41539.0

41344.0

41295.0

41314.0

41246.0

41722.0

41724.0

41944.0

41536.0

41856.0

41693.0

41966.0

42387.0

41880.0

41797.0

41695.0

41788.0

41904.0

41787.0

41453.0

41725.0

41499.0

41499.0

41387.0

41023.0

41121.0

41119.0

40916.0

41495.0

41105.0

41066.0

40346.0

40031.0

39673.0

39639.0

39825.0

39716.0

39753.0

39715.0

40270.0

39948.0

39675.0

39633.0

39541.0

39277.0

39291.0

39665.0

39780.0

39856.0

39737.0

39655.0

39634.0

38900.0

39001.0

39378.0

39427.0

38985.0

39154.0

39020.0

38935.0

38765.0

38215.0

38423.0

38526.0

38539.0

38501.0

38647.0

38720.0

38408.0

38453.0

38535.0

38156.0

38181.0

38363.0

37964.0

38216.0

38000.0

38220.0

38395.0

38527.0

38122.0

38534.0

38262.0

38086.0

37968.0

38215.0

37940.0

37813.0

37945.0

37803.0

37802.0

38118.0

38364.0

38856.0

39157.0

39404.0

39470.0

39455.0

39643.0

39747.0

39728.0

39877.0

39910.0

39754.0

39756.0

39476.0

39437.0

39397.0

39516.0

39489.0

39270.0

39055.0

38941.0

38466.0

38191.0

38230.0

38041.0

37815.0

38480.0

39255.0

39354.0

40213.0

40496.0

41306.0

40992.0

40820.0

40980.0

41037.0

40888.0

40105.0

40369.0

40569.0

40130.0

40250.0

41084.0

40863.0

40946.0

40865.0

40574.0

40653.0

40956.0

40952.0

40808.0

41365.0

42745.0

42709.0

42819.0

42987.0

42812.0

42544.0

42759.0

42627.0

42808.0

42948.0

43227.0

43174.0

43794.0

43394.0

43470.0

43174.0

43374.0

43635.0

43850.0

43549.0

44292.0

43406.0

43481.0

43592.0

42963.0

43442.0

43435.0

43619.0

43820.0

44224.0

43878.0

44208.0

44556.0

44194.0

43960.0

44202.0

44396.0

44378.0

44783.0

45215.0

44816.0

44704.0

44496.0

44318.0

44644.0

44908.0

44595.0

44106.0

44253.0

43690.0

43785.0

43418.0

44226.0

44000.0

44528.0

44386.0

43465.0

43052.0

43274.0

43391.0

43397.0

43666.0

43400.0

43510.0

43717.0

44441.0

45019.0

45725.0

45630.0

45719.0

45994.0

45956.0

45844.0

45829.0

45978.0

46337.0

46387.0

45206.0

