29789.0

29878.0

29710.0

29714.0

29816.0

29925.0

29908.0

29740.0

29658.0

29856.0

29731.0

29855.0

29859.0

29965.0

30682.0

30739.0

30909.0

30861.0

30903.0

31536.0

31448.0

31695.0

31584.0

31701.0

31917.0

31981.0

31997.0

32244.0

31965.0

31719.0

31810.0

31887.0

32132.0

32180.0

32092.0

32031.0

31965.0

32060.0

32095.0

32091.0

32237.0

32173.0

32158.0

31971.0

31891.0

31938.0

32246.0

32122.0

32301.0

32502.0

32469.0

32364.0

32338.0

32368.0

32307.0

32258.0

32255.0

32344.0

32404.0

32744.0

32646.0

32631.0

32758.0

32609.0

32535.0

32510.0

32452.0

32423.0

32479.0

32324.0

32449.0

32576.0

32492.0

32278.0

32168.0

32200.0

32218.0

32335.0

32517.0

32697.0

33244.0

33574.0

33593.0

33677.0

33653.0

33714.0

33686.0

33816.0

33923.0

33797.0

33734.0

33874.0

33928.0

33874.0

33960.0

33835.0

33960.0

33956.0

34486.0

34426.0

34302.0

33981.0

33981.0

34081.0

34040.0

34349.0

34098.0

34022.0

34289.0

34275.0

34449.0

34396.0

34565.0

34774.0

34604.0

34593.0

34447.0

34314.0

34370.0

34102.0

34216.0

34218.0

34263.0

34428.0

34349.0

34388.0

34463.0

34507.0

34798.0

35392.0

38413.0

38094.0

38113.0

38275.0

38307.0

38557.0

38756.0

37955.0

38330.0

38295.0

38598.0

38437.0

38241.0

38445.0

38304.0

38646.0

38882.0

39421.0

39998.0

38694.0

37692.0

37352.0

37465.0

37442.0

37298.0

37029.0

36529.0

36805.0

37035.0

37206.0

37108.0

37168.0

37308.0

37355.0

37613.0

37866.0

38358.0

37983.0

38367.0

38200.0

37666.0

37539.0

37990.0

38076.0

38057.0

38251.0

39043.0

39236.0

39118.0

39844.0

39671.0

39916.0

39859.0

40099.0

39743.0

39806.0

39707.0

40047.0

40313.0

40561.0

39908.0

39622.0

39529.0

39748.0

40170.0

39250.0

40391.0

40118.0

40077.0

40166.0

39824.0

39964.0

39686.0

39811.0

39816.0

39766.0

39935.0

40190.0

40061.0

39893.0

40024.0

40359.0

40205.0

39664.0

39765.0

39930.0

40053.0

39944.0

39742.0

39673.0

39528.0

39709.0

39758.0

39654.0

39944.0

39902.0

39958.0

40197.0

40030.0

39941.0

39814.0

39723.0

39837.0

39684.0

38627.0

38737.0

38883.0

38781.0

38752.0

39040.0

38993.0

39043.0

39028.0

39009.0

39129.0

39847.0

40782.0

41267.0

41424.0

41855.0

41939.0

41925.0

42086.0

41690.0

41763.0

41609.0

41588.0

41702.0

41688.0

41692.0

41780.0

41559.0

41609.0

41278.0

41446.0

41537.0

41335.0

41180.0

41355.0

41279.0

41656.0

41803.0

41920.0

41513.0

41844.0

41726.0

41907.0

42352.0

42104.0

41734.0

41802.0

41788.0

41869.0

41806.0

41563.0

41675.0

41596.0

41515.0

41349.0

41204.0

41236.0

41093.0

41048.0

41425.0

41181.0

41179.0

40430.0

40022.0

39597.0

39735.0

39897.0

39764.0

39756.0

39741.0

40360.0

40038.0

39510.0

39612.0

39564.0

39612.0

39253.0

39725.0

39733.0

39785.0

39827.0

39734.0

39754.0

38986.0

38975.0

39260.0

39541.0

38944.0

39170.0

38957.0

38979.0

38650.0

38224.0

38400.0

38467.0

38549.0

38558.0

38662.0

38745.0

37996.0

38520.0

38579.0

38261.0

38177.0

38512.0

37942.0

38200.0

38013.0

38149.0

38371.0

38571.0

38181.0

38458.0

38422.0

38128.0

37974.0

38096.0

37914.0

37881.0

37875.0

37758.0

37885.0

38241.0

38386.0

38865.0

38976.0

39355.0

39341.0

39425.0

39714.0

39619.0

39841.0

39876.0

39951.0

39665.0

39799.0

39416.0

39446.0

39539.0

39520.0

39465.0

39380.0

39074.0

38830.0

38623.0

38192.0

38106.0

38144.0

37995.0

38285.0

38975.0

39279.0

39758.0

40599.0

41103.0

41004.0

40950.0

40976.0

41025.0

40818.0

40243.0

40572.0

40512.0

40299.0

40279.0

40554.0

41034.0

40808.0

40850.0

40602.0

40620.0

40529.0

40889.0

40865.0

40875.0

42773.0

42631.0

42939.0

42879.0

42888.0

42616.0

42617.0

42715.0

42724.0

43083.0

43191.0

43284.0

43722.0

43435.0

43415.0

43218.0

43203.0

43652.0

43761.0

43482.0

44231.0

43387.0

43378.0

43466.0

42917.0

43608.0

43358.0

43696.0

43828.0

44090.0

43862.0

44190.0

44501.0

44370.0

44044.0

44038.0

44288.0

44292.0

44783.0

45102.0

44964.0

44672.0

44701.0

44496.0

44551.0

44983.0

44639.0

44108.0

44084.0

43695.0

43729.0

43580.0

43771.0

43953.0

44375.0

44452.0

43751.0

43072.0

43202.0

43450.0

43485.0

43715.0

43462.0

43601.0

43809.0

43737.0

45141.0

45581.0

45708.0

45703.0

45996.0

45779.0

46067.0

45894.0

45910.0

46258.0

46224.0

45597.0

