29644.0

29810.0

29840.0

29744.0

29810.0

29898.0

29999.0

29791.0

29726.0

29761.0

29795.0

29678.0

29819.0

29909.0

30416.0

30642.0

30813.0

30894.0

30807.0

30859.0

31488.0

31501.0

31629.0

31596.0

31793.0

31923.0

32062.0

32094.0

32319.0

31986.0

31740.0

31813.0

32030.0

32109.0

32372.0

32126.0

32026.0

32037.0

32178.0

32057.0

32075.0

32301.0

32265.0

32170.0

31908.0

31846.0

31896.0

32190.0

32194.0

32315.0

32387.0

32471.0

32347.0

32349.0

32333.0

32314.0

32199.0

32327.0

32378.0

32426.0

32703.0

32616.0

32699.0

32728.0

32625.0

32531.0

32494.0

32519.0

32299.0

32488.0

32451.0

32451.0

32579.0

32469.0

32153.0

32163.0

32253.0

32222.0

32479.0

32609.0

32825.0

33273.0

33565.0

33591.0

33753.0

33612.0

33688.0

33703.0

33798.0

33864.0

33764.0

33713.0

33895.0

33895.0

33898.0

33944.0

33844.0

34029.0

34169.0

34487.0

34415.0

34195.0

33886.0

33951.0

33984.0

34098.0

34461.0

34039.0

34132.0

34307.0

34316.0

34433.0

34452.0

34730.0

34741.0

34456.0

34558.0

34457.0

34370.0

34166.0

33985.0

34089.0

34267.0

34388.0

34459.0

34456.0

34432.0

34565.0

34532.0

34753.0

35711.0

37897.0

38202.0

38181.0

38397.0

38411.0

38939.0

38762.0

38062.0

38332.0

38220.0

38542.0

38649.0

38290.0

38479.0

38354.0

38842.0

39133.0

39627.0

40390.0

38390.0

37783.0

37060.0

37700.0

37350.0

37005.0

37117.0

36691.0

36923.0

37175.0

37239.0

37226.0

37322.0

37239.0

37374.0

37592.0

37998.0

38417.0

37930.0

38349.0

37755.0

37755.0

37648.0

37938.0

38007.0

38304.0

38315.0

39044.0

39318.0

39266.0

40032.0

39943.0

39780.0

40017.0

39838.0

39731.0

39732.0

39799.0

40166.0

40377.0

40655.0

39797.0

39773.0

39658.0

39813.0

40133.0

39624.0

40374.0

40074.0

39946.0

40095.0

40003.0

40011.0

39455.0

39802.0

39701.0

39899.0

39811.0

40137.0

40028.0

39865.0

40114.0

40475.0

40216.0

39670.0

39894.0

39725.0

40018.0

39926.0

39796.0

39640.0

39577.0

39767.0

39650.0

39745.0

40211.0

40063.0

39975.0

40137.0

40065.0

39912.0

39760.0

39762.0

39796.0

39765.0

38675.0

38659.0

38848.0

38828.0

38833.0

39007.0

39049.0

39093.0

39005.0

39139.0

39288.0

40218.0

40913.0

41101.0

41466.0

41901.0

41830.0

42125.0

41879.0

41723.0

41757.0

41499.0

41578.0

41633.0

41740.0

41709.0

41540.0

41661.0

41505.0

41504.0

41512.0

41448.0

41313.0

41387.0

41361.0

41296.0

41697.0

41751.0

41901.0

41634.0

41730.0

41700.0

41973.0

42296.0

41941.0

41847.0

41744.0

41815.0

41925.0

41780.0

41473.0

41747.0

41524.0

41524.0

41541.0

41009.0

41216.0

41243.0

41195.0

41416.0

41120.0

40901.0

40371.0

39985.0

39607.0

39718.0

39830.0

39744.0

39718.0

39763.0

40303.0

39928.0

39654.0

39631.0

39583.0

39338.0

39355.0

39614.0

39743.0

39951.0

39777.0

39699.0

39544.0

39060.0

39006.0

39450.0

39432.0

39060.0

39119.0

39071.0

38925.0

38862.0

38369.0

38495.0

38596.0

38682.0

38525.0

38662.0

38686.0

38383.0

38459.0

38593.0

38142.0

38172.0

38361.0

37957.0

38259.0

38115.0

38263.0

38463.0

38484.0

38169.0

38519.0

38226.0

38080.0

37992.0

38256.0

37992.0

37871.0

37871.0

37860.0

37871.0

38124.0

38385.0

38830.0

39133.0

39339.0

39414.0

39437.0

39611.0

39735.0

39752.0

39802.0

39939.0

39821.0

39722.0

39489.0

39401.0

39404.0

39529.0

39521.0

39263.0

38978.0

38889.0

38373.0

38176.0

38225.0

38087.0

37782.0

38428.0

39267.0

39290.0

40263.0

40551.0

41240.0

40965.0

40817.0

40847.0

41121.0

40787.0

40208.0

40366.0

40582.0

40080.0

40278.0

41134.0

40779.0

40889.0

40829.0

40541.0

40579.0

40898.0

41003.0

40782.0

41537.0

42566.0

42740.0

42772.0

42861.0

42804.0

42597.0

42698.0

42701.0

42830.0

43033.0

43312.0

43150.0

43650.0

43331.0

43376.0

43211.0

43397.0

43568.0

43767.0

43684.0

44381.0

43402.0

43469.0

43572.0

42774.0

43466.0

43447.0

43611.0

43906.0

44173.0

43987.0

44276.0

44654.0

44150.0

43938.0

44244.0

44400.0

44481.0

44904.0

45186.0

44779.0

44662.0

44332.0

44523.0

44778.0

44914.0

44511.0

44142.0

44242.0

43830.0

43713.0

43491.0

44096.0

43988.0

44421.0

44149.0

43486.0

43143.0

43334.0

43411.0

43363.0

43706.0

43417.0

43490.0

43695.0

44575.0

44882.0

45626.0

45715.0

45810.0

46000.0

45942.0

45908.0

45851.0

45982.0

46302.0

46378.0

45196.0

