29758.0

29894.0

29816.0

29709.0

29853.0

29891.0

29924.0

29793.0

29589.0

29834.0

29638.0

29768.0

29896.0

29930.0

30728.0

30770.0

30921.0

30867.0

30875.0

30944.0

31429.0

31577.0

31578.0

31583.0

31890.0

31992.0

32228.0

32210.0

32182.0

31783.0

31776.0

31935.0

32111.0

32229.0

32182.0

32093.0

31968.0

32017.0

32108.0

31960.0

32063.0

32148.0

32202.0

31944.0

32009.0

31971.0

32148.0

32148.0

32220.0

32514.0

32402.0

32451.0

32350.0

32400.0

32315.0

32281.0

32287.0

32385.0

32388.0

32660.0

32674.0

32605.0

32697.0

32724.0

32623.0

32532.0

32510.0

32418.0

32372.0

32379.0

32464.0

32580.0

32506.0

32396.0

32228.0

32214.0

32188.0

32307.0

32520.0

32685.0

33199.0

33543.0

33664.0

33667.0

33711.0

33669.0

33767.0

33792.0

33911.0

33868.0

33670.0

33887.0

33974.0

33891.0

33879.0

33869.0

33936.0

33974.0

34459.0

34325.0

34338.0

33936.0

33976.0

34148.0

34049.0

34277.0

34030.0

33992.0

34197.0

34263.0

34431.0

34353.0

34464.0

34776.0

34581.0

34515.0

34374.0

34414.0

34330.0

34239.0

34015.0

34232.0

34180.0

34456.0

34424.0

34388.0

34441.0

34554.0

34583.0

35253.0

36180.0

38321.0

38313.0

38195.0

38473.0

38486.0

38683.0

38238.0

38176.0

38165.0

38473.0

38468.0

38703.0

38363.0

38340.0

38565.0

39126.0

39222.0

39773.0

39807.0

37719.0

37303.0

37363.0

37323.0

37295.0

37001.0

36726.0

36887.0

37025.0

37169.0

37049.0

37070.0

37328.0

37452.0

37678.0

37987.0

38417.0

38546.0

38195.0

38188.0

37692.0

37803.0

37943.0

38072.0

38019.0

38328.0

39204.0

39179.0

39123.0

39775.0

39933.0

39874.0

39859.0

40103.0

39525.0

39858.0

39553.0

39801.0

40246.0

40721.0

39826.0

39616.0

39510.0

39746.0

40087.0

39061.0

40341.0

40425.0

40145.0

40152.0

39722.0

40020.0

39756.0

39678.0

39836.0

39699.0

40038.0

40165.0

40091.0

40019.0

39986.0

40481.0

40234.0

39831.0

39707.0

39867.0

39917.0

39993.0

39779.0

39857.0

39537.0

39708.0

39752.0

39560.0

39793.0

40017.0

39954.0

40073.0

40010.0

40012.0

39744.0

39776.0

39787.0

39755.0

38715.0

38694.0

38948.0

38747.0

38815.0

38936.0

39058.0

39087.0

39010.0

39056.0

39127.0

39400.0

40864.0

41188.0

41314.0

41954.0

41920.0

41968.0

42003.0

41840.0

41766.0

41452.0

41526.0

41562.0

41757.0

41649.0

41786.0

41614.0

41587.0

41395.0

41358.0

41579.0

41327.0

41201.0

41416.0

41326.0

41589.0

41891.0

41905.0

41766.0

41751.0

41733.0

41796.0

42369.0

42250.0

41882.0

41778.0

41710.0

41729.0

41883.0

41654.0

41601.0

41669.0

41480.0

41423.0

41267.0

41219.0

41063.0

41102.0

41416.0

41314.0

41125.0

40325.0

40057.0

39654.0

39694.0

39785.0

39800.0

39714.0

39789.0

40269.0

40119.0

39632.0

39634.0

39790.0

39568.0

39377.0

39478.0

39701.0

39753.0

39759.0

39735.0

39674.0

39249.0

38883.0

39310.0

39444.0

39226.0

39601.0

38981.0

39060.0

38638.0

38573.0

38349.0

38480.0

38610.0

38639.0

38626.0

38753.0

38549.0

38449.0

38586.0

38326.0

38160.0

38431.0

38155.0

38151.0

38187.0

38073.0

38348.0

38310.0

38279.0

38422.0

38414.0

38171.0

38073.0

38097.0

38098.0

37925.0

37811.0

37730.0

37864.0

38025.0

38195.0

38656.0

39151.0

39173.0

39303.0

39504.0

39411.0

39653.0

39768.0

39670.0

39867.0

39660.0

39802.0

39706.0

39390.0

39388.0

39451.0

39383.0

39404.0

39109.0

38856.0

38644.0

38078.0

38070.0

38063.0

37695.0

37792.0

38888.0

38740.0

39664.0

40483.0

40819.0

40734.0

40979.0

40848.0

40938.0

40906.0

40181.0

40668.0

40382.0

40266.0

40132.0

40548.0

40876.0

40820.0

41063.0

40650.0

40788.0

40587.0

40775.0

40855.0

40801.0

41862.0

42429.0

42921.0

42769.0

42896.0

42707.0

42586.0

42713.0

42810.0

43059.0

43198.0

43177.0

43669.0

43454.0

43527.0

43238.0

43353.0

43456.0

43686.0

43671.0

43792.0

43626.0

43356.0

43534.0

43376.0

43632.0

43422.0

43634.0

43612.0

43954.0

44099.0

43991.0

44601.0

44440.0

44013.0

44054.0

44297.0

44253.0

44699.0

45102.0

44983.0

44691.0

44688.0

44432.0

44526.0

45012.0

44683.0

44166.0

44144.0

43758.0

43841.0

43737.0

43584.0

44010.0

44173.0

44375.0

43840.0

43257.0

43192.0

43480.0

43588.0

43534.0

43489.0

43512.0

43718.0

43833.0

44921.0

45535.0

45927.0

45693.0

45507.0

45618.0

45987.0

45911.0

45893.0

46307.0

46063.0

45670.0

45787.0

