29804.0

29835.0

29725.0

29802.0

29867.0

29984.0

29812.0

29721.0

29717.0

29850.0

29659.0

29840.0

29896.0

30288.0

30653.0

30824.0

30890.0

30822.0

30867.0

31505.0

31507.0

31655.0

31578.0

31774.0

31895.0

32025.0

32065.0

32578.0

31790.0

31708.0

31820.0

31957.0

32105.0

32264.0

32099.0

31979.0

32095.0

32066.0

32062.0

32125.0

32294.0

32182.0

32140.0

31955.0

31840.0

31933.0

32242.0

32131.0

32270.0

32460.0

32500.0

32432.0

32328.0

32338.0

32287.0

32264.0

32287.0

32295.0

32430.0

32737.0

32635.0

32680.0

32781.0

32595.0

32542.0

32523.0

32461.0

32356.0

32463.0

32330.0

32456.0

32567.0

32466.0

32195.0

32148.0

32236.0

32229.0

32456.0

32582.0

32771.0

33253.0

33536.0

33594.0

33723.0

33629.0

33706.0

33694.0

33807.0

33894.0

33749.0

33714.0

33868.0

33934.0

33877.0

33948.0

33835.0

33986.0

33954.0

34492.0

34467.0

34315.0

33976.0

33988.0

34018.0

34015.0

34424.0

34133.0

34030.0

34332.0

34250.0

34465.0

34429.0

34609.0

34790.0

34573.0

34608.0

34482.0

34335.0

34307.0

34103.0

34162.0

34225.0

34333.0

34469.0

34398.0

34444.0

34508.0

34542.0

34712.0

35676.0

37916.0

38137.0

38146.0

38348.0

38365.0

38767.0

38791.0

37988.0

38309.0

38254.0

38559.0

38561.0

38162.0

38466.0

38323.0

38768.0

38930.0

39445.0

40176.0

38476.0

37735.0

37285.0

37549.0

37150.0

37210.0

37047.0

36601.0

36995.0

36981.0

37216.0

37111.0

37220.0

37288.0

37339.0

37580.0

37928.0

38343.0

37875.0

38431.0

37912.0

37742.0

37611.0

37945.0

37994.0

38246.0

38274.0

39073.0

39258.0

39253.0

40080.0

39818.0

39793.0

39983.0

39933.0

39705.0

39792.0

39738.0

40156.0

40369.0

40687.0

39803.0

39769.0

39591.0

39829.0

40182.0

39356.0

40425.0

40141.0

39986.0

40158.0

39756.0

40123.0

39601.0

39810.0

39757.0

39743.0

39857.0

40158.0

40055.0

39853.0

40110.0

40361.0

40220.0

39657.0

39870.0

39940.0

40064.0

39893.0

39824.0

39672.0

39621.0

39694.0

39736.0

39714.0

39926.0

39899.0

40011.0

40211.0

40032.0

39919.0

39760.0

39699.0

39865.0

39714.0

38646.0

38691.0

38852.0

38841.0

38770.0

39068.0

38995.0

39035.0

39052.0

39022.0

39170.0

40023.0

40970.0

41231.0

41504.0

41984.0

41847.0

41942.0

42034.0

41665.0

41733.0

41588.0

41620.0

41685.0

41784.0

41689.0

41807.0

41643.0

41609.0

41377.0

41540.0

41583.0

41356.0

41221.0

41347.0

41247.0

41658.0

41798.0

41919.0

41481.0

41845.0

41727.0

41965.0

42389.0

41843.0

41782.0

41766.0

41776.0

41859.0

41803.0

41476.0

41723.0

41549.0

41503.0

41389.0

41173.0

41191.0

41051.0

40939.0

41474.0

41177.0

41136.0

40385.0

40061.0

39667.0

39633.0

39862.0

39752.0

39747.0

39705.0

40345.0

39970.0

39549.0

39669.0

39547.0

39336.0

39239.0

39675.0

39764.0

39785.0

39735.0

39661.0

39717.0

38934.0

39011.0

39305.0

39496.0

38926.0

39204.0

39011.0

38991.0

38703.0

38197.0

38418.0

38449.0

38489.0

38490.0

38633.0

38687.0

38265.0

38526.0

38527.0

38191.0

38077.0

38455.0

37978.0

38229.0

38006.0

38205.0

38416.0

38536.0

38119.0

38474.0

38324.0

38109.0

37936.0

38183.0

37916.0

37854.0

37940.0

37838.0

37825.0

38162.0

38394.0

38914.0

39069.0

39469.0

39508.0

39418.0

39717.0

39663.0

39776.0

39895.0

39945.0

39715.0

39845.0

39422.0

39472.0

39467.0

39529.0

39479.0

39352.0

39030.0

38956.0

38620.0

38238.0

38237.0

38145.0

37855.0

38314.0

39271.0

39294.0

40132.0

40551.0

41281.0

40967.0

40855.0

40939.0

41059.0

40825.0

40134.0

40405.0

40557.0

40137.0

40277.0

40965.0

40863.0

40917.0

40876.0

40556.0

40630.0

40881.0

40960.0

40815.0

40952.0

42780.0

42615.0

42793.0

42899.0

42853.0

42613.0

42630.0

42715.0

42838.0

42940.0

43215.0

43298.0

43871.0

43372.0

43504.0

43153.0

43337.0

43540.0

43809.0

43506.0

44339.0

43344.0

43403.0

43596.0

43027.0

43569.0

43412.0

43713.0

43756.0

44136.0

43808.0

44189.0

44695.0

44284.0

44005.0

44094.0

44384.0

44429.0

44729.0

45125.0

44965.0

44748.0

44623.0

44434.0

44623.0

44938.0

44686.0

44072.0

44278.0

43653.0

43777.0

43441.0

43901.0

43927.0

44479.0

44407.0

43491.0

42933.0

43266.0

43414.0

43441.0

43710.0

43502.0

43621.0

43739.0

44090.0

45142.0

45769.0

45728.0

45747.0

45995.0

45865.0

45816.0

45840.0

45927.0

46354.0

46245.0

45406.0

