29787.0

29922.0

29706.0

29723.0

29811.0

29871.0

29905.0

29761.0

29642.0

29815.0

29701.0

29843.0

29856.0

29950.0

30702.0

30739.0

30922.0

30890.0

30941.0

31375.0

31425.0

31594.0

31552.0

31593.0

31885.0

31941.0

32027.0

32218.0

32017.0

31724.0

31846.0

31908.0

32114.0

32094.0

32107.0

32010.0

31956.0

31998.0

32134.0

32016.0

32093.0

32162.0

32195.0

31949.0

31921.0

31946.0

32226.0

32121.0

32315.0

32571.0

32440.0

32380.0

32336.0

32394.0

32293.0

32263.0

32221.0

32404.0

32388.0

32742.0

32663.0

32626.0

32755.0

32655.0

32628.0

32505.0

32408.0

32373.0

32451.0

32363.0

32480.0

32608.0

32517.0

32311.0

32206.0

32221.0

32201.0

32286.0

32520.0

32657.0

33256.0

33583.0

33617.0

33663.0

33679.0

33754.0

33726.0

33793.0

33945.0

33841.0

33709.0

33889.0

33943.0

33899.0

33888.0

33854.0

33941.0

33983.0

34451.0

34394.0

34308.0

33966.0

33956.0

34110.0

34055.0

34305.0

34015.0

33985.0

34277.0

34233.0

34449.0

34352.0

34533.0

34750.0

34636.0

34522.0

34428.0

34338.0

34354.0

34170.0

34251.0

34230.0

34256.0

34479.0

34466.0

34353.0

34463.0

34530.0

34742.0

35353.0

38311.0

38266.0

38089.0

38346.0

38328.0

38570.0

38738.0

38157.0

38308.0

38292.0

38615.0

38492.0

38315.0

38447.0

38334.0

38617.0

38925.0

39297.0

39737.0

38921.0

37505.0

37321.0

37580.0

37226.0

37391.0

36966.0

36494.0

36773.0

37039.0

37126.0

37079.0

37077.0

37298.0

37374.0

37634.0

37966.0

38433.0

38259.0

38275.0

38183.0

37675.0

37720.0

37907.0

38043.0

38028.0

38258.0

38984.0

39398.0

39023.0

39733.0

39648.0

39984.0

39851.0

40165.0

39662.0

39829.0

39584.0

39885.0

40204.0

40613.0

39823.0

39570.0

39513.0

39653.0

40065.0

39148.0

40532.0

40340.0

39955.0

40062.0

39754.0

39957.0

39585.0

39738.0

39769.0

39679.0

39961.0

40183.0

40051.0

39979.0

40004.0

40365.0

40163.0

39680.0

39686.0

39891.0

39959.0

39927.0

39730.0

39642.0

39555.0

39723.0

39755.0

39578.0

39936.0

39995.0

39915.0

40179.0

39996.0

39988.0

39811.0

39750.0

39851.0

39712.0

38679.0

38777.0

38904.0

38739.0

38814.0

38931.0

39016.0

39080.0

38994.0

39066.0

39131.0

39776.0

40734.0

41234.0

41415.0

42116.0

41961.0

41940.0

42027.0

41815.0

41788.0

41636.0

41594.0

41600.0

41710.0

41688.0

41780.0

41549.0

41654.0

41354.0

41350.0

41536.0

41316.0

41220.0

41383.0

41310.0

41627.0

41816.0

41881.0

41364.0

41739.0

41725.0

41906.0

42374.0

42138.0

41771.0

41761.0

41735.0

41774.0

41861.0

41560.0

41617.0

41599.0

41468.0

41321.0

41283.0

41325.0

41049.0

41056.0

41383.0

41272.0

41137.0

40347.0

39991.0

39451.0

39735.0

39906.0

39798.0

39742.0

39748.0

40245.0

40111.0

39551.0

39613.0

39681.0

39643.0

39291.0

39697.0

39690.0

39721.0

39855.0

39733.0

39712.0

39210.0

38957.0

39263.0

39497.0

39095.0

39286.0

38930.0

38967.0

38674.0

38260.0

38321.0

38425.0

38533.0

38551.0

38689.0

38773.0

38083.0

38510.0

38527.0

38361.0

38233.0

38538.0

38111.0

38200.0

38065.0

38148.0

38385.0

38564.0

38206.0

38445.0

38439.0

38151.0

38009.0

38050.0

37987.0

37854.0

37856.0

37742.0

37904.0

38173.0

38293.0

38895.0

39050.0

39228.0

39387.0

39385.0

39503.0

39575.0

39827.0

39842.0

39909.0

39674.0

39708.0

39520.0

39502.0

39486.0

39451.0

39400.0

39358.0

39051.0

38854.0

38562.0

38115.0

38052.0

38042.0

38163.0

37964.0

38957.0

38930.0

39822.0

40669.0

40940.0

41019.0

40987.0

40943.0

41009.0

40959.0

40211.0

40597.0

40463.0

40327.0

40285.0

40521.0

41078.0

40709.0

40915.0

40706.0

40599.0

40478.0

40834.0

40861.0

40852.0

42591.0

42578.0

42874.0

42840.0

42934.0

42694.0

42548.0

42698.0

42791.0

43117.0

43170.0

43277.0

43694.0

43398.0

43389.0

43287.0

43225.0

43569.0

43636.0

43586.0

43901.0

43312.0

43349.0

43401.0

43243.0

43648.0

43339.0

43633.0

43908.0

44102.0

43846.0

44122.0

44474.0

44511.0

44023.0

43986.0

44349.0

44271.0

44901.0

45004.0

44891.0

44607.0

44786.0

44502.0

44580.0

45101.0

44722.0

44011.0

43958.0

43746.0

43667.0

43603.0

43696.0

43995.0

44275.0

44374.0

43957.0

43154.0

43212.0

43462.0

43579.0

43633.0

43617.0

43626.0

43847.0

43743.0

45085.0

45656.0

45860.0

45816.0

45495.0

45773.0

45948.0

45923.0

45902.0

46207.0

46150.0

45613.0

