29706.0

29957.0

29863.0

29718.0

29808.0

29899.0

29991.0

29692.0

29720.0

29817.0

29705.0

29760.0

29846.0

29912.0

30682.0

30729.0

30820.0

30871.0

30870.0

30882.0

31481.0

31541.0

31625.0

31568.0

31692.0

31919.0

32219.0

32074.0

32156.0

31799.0

31672.0

31815.0

32095.0

32168.0

32348.0

32106.0

31951.0

32008.0

32242.0

32055.0

32071.0

32274.0

32260.0

32111.0

31933.0

31862.0

31934.0

32183.0

32132.0

32379.0

32405.0

32455.0

32314.0

32321.0

32320.0

32310.0

32223.0

32333.0

32307.0

32475.0

32631.0

32621.0

32753.0

32830.0

32656.0

32490.0

32535.0

32486.0

32326.0

32431.0

32437.0

32492.0

32574.0

32431.0

32178.0

32145.0

32282.0

32257.0

32440.0

32640.0

32863.0

33429.0

33590.0

33518.0

33708.0

33634.0

33737.0

33731.0

33841.0

33837.0

33795.0

33770.0

33944.0

33816.0

33846.0

33929.0

33870.0

33964.0

34252.0

34402.0

34410.0

34174.0

33925.0

33982.0

33990.0

34124.0

34203.0

34060.0

34182.0

34306.0

34375.0

34330.0

34456.0

34771.0

34693.0

34494.0

34548.0

34406.0

34411.0

34162.0

33989.0

34122.0

34229.0

34419.0

34456.0

34554.0

34404.0

34579.0

34597.0

34934.0

35808.0

38024.0

38263.0

38132.0

38290.0

38391.0

39143.0

38588.0

38129.0

38264.0

38250.0

38481.0

38824.0

38239.0

38395.0

38477.0

39179.0

39193.0

39606.0

40211.0

38103.0

37540.0

37146.0

37582.0

37364.0

37092.0

36932.0

36728.0

36844.0

37162.0

37285.0

37042.0

37390.0

37276.0

37542.0

37662.0

38151.0

38465.0

38310.0

38199.0

37869.0

37841.0

37968.0

38109.0

38047.0

38442.0

38458.0

38990.0

39197.0

39281.0

39889.0

40219.0

39735.0

39983.0

39844.0

39664.0

39646.0

39805.0

40092.0

40751.0

40715.0

39606.0

39688.0

39677.0

39836.0

39545.0

39629.0

40255.0

39858.0

39973.0

39977.0

39949.0

39887.0

39508.0

39884.0

39614.0

39975.0

39907.0

40134.0

40075.0

39896.0

40175.0

40337.0

40171.0

39693.0

39953.0

39819.0

40020.0

39877.0

39735.0

39514.0

39557.0

39773.0

39661.0

39770.0

40253.0

40040.0

39990.0

40142.0

40040.0

39935.0

39724.0

39828.0

39854.0

39696.0

38539.0

38792.0

38954.0

38821.0

38824.0

39027.0

39073.0

39082.0

39045.0

39160.0

39352.0

40239.0

41055.0

41246.0

41565.0

41912.0

41836.0

42071.0

41835.0

41737.0

41357.0

41440.0

41551.0

41759.0

41673.0

41758.0

41672.0

41613.0

41488.0

41476.0

41484.0

41380.0

41282.0

41400.0

41485.0

41436.0

41748.0

41829.0

41888.0

41603.0

41758.0

41725.0

42215.0

42297.0

41896.0

41824.0

41785.0

41763.0

41899.0

41709.0

41505.0

41696.0

41517.0

41394.0

41504.0

40887.0

41027.0

41167.0

41381.0

41288.0

41301.0

40397.0

39889.0

39917.0

39713.0

39692.0

39768.0

39829.0

39714.0

39749.0

40176.0

39704.0

39546.0

39751.0

39625.0

39191.0

39379.0

39647.0

39805.0

39900.0

39815.0

39775.0

39499.0

38974.0

38964.0

39503.0

39430.0

39471.0

39131.0

39030.0

38862.0

38787.0

38322.0

38374.0

38639.0

38667.0

38579.0

38623.0

38577.0

38206.0

38507.0

38679.0

38145.0

38236.0

38332.0

38042.0

38316.0

38179.0

38399.0

38535.0

38389.0

38160.0

38568.0

38186.0

38086.0

37946.0

38238.0

37960.0

37808.0

37765.0

37804.0

37946.0

38193.0

38448.0

39108.0

39091.0

39289.0

39431.0

39474.0

39602.0

39706.0

39732.0

39799.0

39931.0

39904.0

39707.0

39373.0

39438.0

39360.0

39429.0

39459.0

39220.0

38857.0

38878.0

38221.0

38034.0

38205.0

37977.0

37934.0

38420.0

39340.0

39133.0

40274.0

40885.0

41218.0

41024.0

40986.0

40915.0

40984.0

40571.0

40257.0

40468.0

40424.0

40005.0

40421.0

40882.0

40954.0

40835.0

40847.0

40512.0

40739.0

40917.0

40971.0

40767.0

41685.0

42511.0

42913.0

42869.0

42930.0

42800.0

42630.0

42636.0

42785.0

42832.0

43039.0

43312.0

43320.0

43636.0

43412.0

43258.0

43225.0

43341.0

43690.0

43654.0

43717.0

44367.0

43646.0

43447.0

43574.0

42903.0

43387.0

43568.0

43617.0

43915.0

44291.0

44019.0

44381.0

44355.0

44084.0

44024.0

44256.0

44380.0

44469.0

44972.0

44918.0

44739.0

44813.0

44405.0

44641.0

44848.0

44805.0

44338.0

43973.0

44098.0

43870.0

43886.0

43832.0

43899.0

44107.0

44315.0

44193.0

43429.0

43255.0

43279.0

43498.0

43532.0

43657.0

43424.0

43478.0

43752.0

44585.0

45125.0

45597.0

45754.0

45870.0

45750.0

45889.0

45825.0

45845.0

46109.0

46263.0

45721.0

45378.0

