29681.0

29950.0

29846.0

29731.0

29812.0

29894.0

29976.0

29712.0

29675.0

29851.0

29676.0

29768.0

29866.0

29923.0

30666.0

30773.0

30808.0

30871.0

30879.0

30931.0

31451.0

31575.0

31595.0

31598.0

31714.0

31914.0

32380.0

32090.0

32168.0

31829.0

31645.0

31977.0

32080.0

32184.0

32312.0

32054.0

31913.0

31982.0

32200.0

32048.0

32069.0

32247.0

32246.0

31913.0

31931.0

31908.0

32083.0

32162.0

32231.0

32372.0

32389.0

32459.0

32301.0

32380.0

32325.0

32336.0

32228.0

32354.0

32318.0

32620.0

32671.0

32591.0

32750.0

32841.0

32672.0

32503.0

32503.0

32465.0

32347.0

32448.0

32413.0

32495.0

32523.0

32442.0

32196.0

32184.0

32256.0

32262.0

32474.0

32637.0

33043.0

33496.0

33665.0

33527.0

33697.0

33648.0

33770.0

33739.0

33853.0

33834.0

33756.0

33809.0

33955.0

33827.0

33842.0

33926.0

33891.0

33978.0

34262.0

34379.0

34391.0

34162.0

33923.0

33987.0

34019.0

34138.0

34181.0

34067.0

34121.0

34288.0

34413.0

34354.0

34444.0

34770.0

34665.0

34502.0

34507.0

34399.0

34363.0

34175.0

34010.0

34182.0

34243.0

34415.0

34463.0

34552.0

34403.0

34578.0

34594.0

35065.0

35810.0

38248.0

38430.0

38176.0

38348.0

38445.0

38979.0

38341.0

38041.0

38258.0

38345.0

38524.0

38839.0

38274.0

38336.0

38538.0

39343.0

39288.0

39706.0

40007.0

38112.0

37128.0

37225.0

37511.0

37262.0

36892.0

36915.0

36733.0

36864.0

37137.0

37232.0

37058.0

37328.0

37356.0

37539.0

37816.0

38279.0

38671.0

38309.0

38113.0

37981.0

37794.0

37984.0

38050.0

38140.0

38406.0

38670.0

38966.0

39148.0

39370.0

39921.0

40134.0

39685.0

40005.0

39854.0

39706.0

39639.0

39811.0

40106.0

40740.0

40573.0

39665.0

39657.0

39723.0

39808.0

39379.0

39799.0

40401.0

39965.0

40081.0

39980.0

39893.0

39803.0

39587.0

39926.0

39695.0

40023.0

39991.0

40139.0

40031.0

39922.0

40188.0

40285.0

39987.0

39638.0

39840.0

39786.0

39964.0

39857.0

39717.0

39527.0

39561.0

39826.0

39618.0

39782.0

40165.0

40048.0

40021.0

40110.0

40020.0

39858.0

39779.0

39814.0

39878.0

39663.0

38537.0

38773.0

38940.0

38844.0

38905.0

38997.0

39081.0

39055.0

39037.0

39169.0

39347.0

40256.0

41257.0

41250.0

41621.0

41753.0

41880.0

42046.0

41823.0

41758.0

41486.0

41480.0

41539.0

41729.0

41647.0

41828.0

41572.0

41588.0

41454.0

41422.0

41474.0

41382.0

41229.0

41401.0

41434.0

41661.0

41812.0

41847.0

41847.0

41652.0

41744.0

41688.0

42277.0

42253.0

41941.0

41760.0

41801.0

41774.0

41871.0

41707.0

41562.0

41768.0

41482.0

41385.0

41477.0

40894.0

41021.0

41210.0

41453.0

41192.0

41290.0

40297.0

39945.0

39831.0

39742.0

39751.0

39770.0

39791.0

39762.0

39764.0

40135.0

39645.0

39527.0

39751.0

39571.0

39275.0

39500.0

39616.0

39793.0

39831.0

39795.0

39733.0

39419.0

38869.0

39119.0

39457.0

39414.0

39639.0

39091.0

39069.0

38741.0

38689.0

38354.0

38387.0

38661.0

38603.0

38579.0

38624.0

38520.0

38239.0

38523.0

38624.0

38297.0

38235.0

38340.0

38044.0

38302.0

38101.0

38350.0

38481.0

38421.0

38259.0

38535.0

38250.0

38106.0

37919.0

38168.0

38108.0

37796.0

37778.0

37819.0

37957.0

38217.0

38459.0

39160.0

39031.0

39343.0

39507.0

39394.0

39642.0

39639.0

39736.0

39849.0

39858.0

39864.0

39740.0

39380.0

39384.0

39424.0

39405.0

39430.0

39166.0

38943.0

38854.0

38170.0

38027.0

38162.0

38003.0

37957.0

38490.0

39334.0

39244.0

40363.0

40874.0

40997.0

40973.0

41098.0

40910.0

41016.0

40638.0

40415.0

40406.0

40433.0

40022.0

40474.0

40834.0

40958.0

40836.0

40726.0

40631.0

40683.0

40843.0

40958.0

40836.0

41673.0

42605.0

42850.0

42878.0

42954.0

42801.0

42657.0

42635.0

42751.0

42898.0

43095.0

43279.0

43367.0

43630.0

43466.0

43136.0

43262.0

43333.0

43751.0

43695.0

43679.0

44238.0

43572.0

43582.0

43513.0

43351.0

43351.0

43538.0

43632.0

43921.0

44167.0

44109.0

44381.0

44289.0

43984.0

44036.0

44177.0

44361.0

44597.0

45039.0

45017.0

44727.0

44748.0

44377.0

44615.0

44818.0

44800.0

44360.0

44130.0

44044.0

43856.0

43815.0

43829.0

43819.0

44157.0

44318.0

44116.0

43333.0

43309.0

43349.0

43484.0

43556.0

43588.0

43515.0

43561.0

43826.0

44666.0

45189.0

45588.0

45720.0

45828.0

45730.0

45967.0

45788.0

45848.0

46211.0

46209.0

45773.0

45663.0

