29713.0

29908.0

29828.0

29718.0

29833.0

29884.0

29940.0

29765.0

29619.0

29857.0

29657.0

29768.0

29901.0

29918.0

30705.0

30785.0

30872.0

30855.0

30888.0

30937.0

31440.0

31558.0

31582.0

31592.0

31819.0

31884.0

32366.0

32118.0

32161.0

31819.0

31702.0

31962.0

32068.0

32230.0

32311.0

32048.0

31936.0

31979.0

32172.0

32020.0

32090.0

32235.0

32241.0

31852.0

31984.0

31923.0

32175.0

32153.0

32212.0

32442.0

32414.0

32424.0

32301.0

32390.0

32363.0

32459.0

32240.0

32368.0

32340.0

32689.0

32686.0

32577.0

32711.0

32763.0

32667.0

32492.0

32522.0

32471.0

32401.0

32423.0

32402.0

32491.0

32511.0

32424.0

32232.0

32191.0

32203.0

32295.0

32491.0

32674.0

33151.0

33510.0

33668.0

33599.0

33714.0

33645.0

33787.0

33777.0

33914.0

33857.0

33674.0

33864.0

33970.0

33857.0

33867.0

33882.0

33915.0

33940.0

34306.0

34306.0

34385.0

34129.0

33919.0

34009.0

34044.0

34186.0

34086.0

34052.0

34128.0

34276.0

34466.0

34370.0

34479.0

34786.0

34639.0

34459.0

34477.0

34418.0

34305.0

34194.0

34002.0

34231.0

34177.0

34437.0

34432.0

34420.0

34437.0

34570.0

34589.0

35228.0

35976.0

38416.0

38374.0

38188.0

38476.0

38504.0

38839.0

38179.0

38107.0

38182.0

38441.0

38483.0

38749.0

38351.0

38274.0

38603.0

39275.0

39365.0

39786.0

39875.0

38062.0

36970.0

37140.0

37435.0

37355.0

36902.0

36735.0

36767.0

36872.0

37090.0

37257.0

37082.0

37270.0

37436.0

37599.0

37856.0

38310.0

38677.0

38114.0

38169.0

37803.0

37825.0

37925.0

38083.0

38069.0

38349.0

39061.0

39069.0

39093.0

39637.0

39937.0

39889.0

39782.0

40110.0

39525.0

39880.0

39524.0

39804.0

40190.0

40703.0

39978.0

39602.0

39651.0

39788.0

39820.0

39241.0

40185.0

40405.0

40020.0

40080.0

39968.0

39907.0

39782.0

39590.0

39927.0

39665.0

40084.0

40153.0

40109.0

40048.0

40015.0

40267.0

40217.0

39776.0

39691.0

39876.0

39869.0

39947.0

39851.0

39746.0

39503.0

39546.0

39801.0

39597.0

39803.0

40146.0

40007.0

40045.0

40130.0

40069.0

39798.0

39761.0

39798.0

39860.0

39098.0

38566.0

38886.0

38837.0

38843.0

38955.0

39031.0

39101.0

39041.0

39059.0

39136.0

39319.0

40286.0

41396.0

41193.0

41646.0

41756.0

41908.0

41976.0

41843.0

41692.0

41482.0

41491.0

41567.0

41741.0

41618.0

41852.0

41622.0

41553.0

41483.0

41365.0

41520.0

41376.0

41277.0

41405.0

41366.0

41704.0

41828.0

41873.0

41810.0

41687.0

41761.0

41738.0

42333.0

42247.0

41927.0

41727.0

41816.0

41757.0

41870.0

41719.0

41595.0

41737.0

41478.0

41381.0

41461.0

40906.0

40992.0

41200.0

41458.0

41215.0

41120.0

40251.0

39895.0

39669.0

39746.0

39747.0

39779.0

39762.0

39818.0

39936.0

40095.0

39647.0

39549.0

39756.0

39567.0

39300.0

39492.0

39614.0

39723.0

39809.0

39783.0

39720.0

39443.0

38864.0

39260.0

39448.0

39408.0

39619.0

39042.0

39018.0

38675.0

38648.0

38273.0

38418.0

38634.0

38604.0

38561.0

38767.0

38533.0

38354.0

38609.0

38563.0

38215.0

38259.0

38230.0

38081.0

38296.0

38049.0

38263.0

38411.0

38382.0

38265.0

38452.0

38228.0

38068.0

37985.0

38125.0

38132.0

37792.0

37733.0

37876.0

37938.0

38205.0

38525.0

39219.0

39066.0

39332.0

39550.0

39387.0

39626.0

39700.0

39697.0

39860.0

39841.0

39804.0

39746.0

39403.0

39353.0

39399.0

39441.0

39409.0

39088.0

38895.0

38833.0

38184.0

38056.0

38101.0

37873.0

37898.0

38830.0

39035.0

39473.0

40428.0

40880.0

40802.0

40927.0

40897.0

40958.0

40915.0

40392.0

40510.0

40362.0

40281.0

40093.0

40492.0

40830.0

40880.0

41030.0

40663.0

40764.0

40628.0

40759.0

40896.0

40857.0

41810.0

42508.0

42987.0

42876.0

42964.0

42781.0

42643.0

42636.0

42812.0

42935.0

43137.0

43265.0

43328.0

43594.0

43607.0

43200.0

43234.0

43391.0

43741.0

43672.0

43754.0

43924.0

43475.0

43572.0

43510.0

43459.0

43433.0

43555.0

43542.0

43980.0

44095.0

44116.0

44491.0

44320.0

43981.0

43988.0

44160.0

44284.0

44685.0

45176.0

44959.0

44713.0

44727.0

44303.0

44542.0

44842.0

44732.0

44170.0

44090.0

44020.0

43907.0

43737.0

43771.0

43795.0

44170.0

44315.0

43833.0

43219.0

43164.0

43368.0

43591.0

43582.0

43588.0

43502.0

43657.0

43777.0

44668.0

45536.0

45700.0

45679.0

45805.0

45774.0

45918.0

45815.0

45865.0

46360.0

46195.0

45880.0

45929.0

