29555.0

29710.0

29681.0

29695.0

29782.0

29789.0

29791.0

29929.0

29950.0

29907.0

29910.0

29878.0

29827.0

29856.0

29846.0

29830.0

29729.0

29710.0

29719.0

29729.0

29731.0

29711.0

29714.0

29714.0

29817.0

29813.0

29812.0

29835.0

29824.0

29816.0

29869.0

29904.0

29894.0

29886.0

29885.0

29925.0

29981.0

29991.0

29976.0

29938.0

29909.0

29908.0

29818.0

29725.0

29712.0

29761.0

29755.0

29740.0

29725.0

29704.0

29675.0

29610.0

29635.0

29658.0

29724.0

29802.0

29851.0

29866.0

29841.0

29856.0

29864.0

29717.0

29676.0

29654.0

29693.0

29731.0

29625.0

29744.0

29768.0

29763.0

29838.0

29855.0

29836.0

29840.0

29866.0

29900.0

29862.0

29859.0

29915.0

29908.0

29923.0

29903.0

29940.0

29965.0

30434.0

30645.0

30666.0

30724.0

30701.0

30682.0

30660.0

30743.0

30773.0

30792.0

30744.0

30739.0

30842.0

30822.0

30808.0

30861.0

30923.0

30909.0

30880.0

30884.0

30871.0

30855.0

30875.0

30861.0

30826.0

30862.0

30879.0

30879.0

30910.0

30903.0

30865.0

30890.0

30931.0

30947.0

31410.0

31536.0

31503.0

31477.0

31451.0

31445.0

31434.0

31448.0

31490.0

31541.0

31575.0

31554.0

31641.0

31695.0

31650.0

31619.0

31595.0

31587.0

31554.0

31584.0

31574.0

31581.0

31598.0

31596.0

31616.0

31701.0

31774.0

31716.0

31714.0

31855.0

31893.0

31917.0

31912.0

31925.0

31914.0

31934.0

31987.0

31981.0

32089.0

32103.0

32380.0

32306.0

32228.0

31997.0

32162.0

32079.0

32090.0

32230.0

32229.0

32244.0

32589.0

32303.0

32168.0

32221.0

31953.0

31965.0

31937.0

31837.0

31829.0

31773.0

31738.0

31719.0

31752.0

31727.0

31645.0

31774.0

31908.0

31810.0

31802.0

31810.0

31977.0

31941.0

31907.0

31887.0

31968.0

32156.0

32080.0

32125.0

32154.0

32132.0

32155.0

32126.0

32184.0

32249.0

32189.0

32180.0

32291.0

32405.0

32312.0

32269.0

32178.0

32092.0

32083.0

32140.0

32054.0

32094.0

32060.0

32031.0

31996.0

32018.0

31913.0

31926.0

31954.0

31965.0

32067.0

32024.0

31982.0

32018.0

31995.0

32060.0

32151.0

32229.0

32200.0

32154.0

32108.0

32095.0

32020.0

32043.0

32048.0

31968.0

31970.0

32091.0

32100.0

32103.0

32069.0

32078.0

32066.0

32237.0

32282.0

32319.0

32247.0

32213.0

32194.0

32173.0

32245.0

32285.0

32246.0

32207.0

32189.0

32158.0

32147.0

32199.0

31913.0

31916.0

31950.0

31971.0

31925.0

31923.0

31931.0

32004.0

31940.0

31891.0

31826.0

31860.0

31908.0

31993.0

31961.0

31938.0

31898.0

31863.0

32083.0

32137.0

32224.0

32246.0

32229.0

32193.0

32162.0

32150.0

32127.0

32122.0

32150.0

32179.0

32231.0

32186.0

32313.0

32301.0

32276.0

32411.0

32372.0

32472.0

32551.0

32502.0

32436.0

32368.0

32389.0

32437.0

32404.0

32469.0

32496.0

32460.0

32459.0

32438.0

32465.0

32364.0

32385.0

32331.0

32301.0

32321.0

32326.0

32338.0

32358.0

32323.0

32380.0

32366.0

32430.0

32368.0

32356.0

32320.0

32325.0

32354.0

32299.0

32307.0

32315.0

32304.0

32336.0

32406.0

32230.0

32258.0

32232.0

32199.0

32228.0

32254.0

32251.0

32255.0

32304.0

32330.0

32354.0

32368.0

32348.0

32344.0

32315.0

32355.0

32318.0

32364.0

32397.0

32404.0

32409.0

32428.0

32620.0

32644.0

32753.0

32744.0

32716.0

32658.0

32671.0

32668.0

32682.0

32646.0

32663.0

32617.0

32591.0

32585.0

32622.0

32631.0

32687.0

32704.0

32750.0

32694.0

32727.0

32758.0

32753.0

32772.0

32841.0

32693.0

32704.0

32609.0

32612.0

32629.0

32672.0

32649.0

32636.0

32535.0

32545.0

32473.0

32503.0

32522.0

32511.0

32510.0

32549.0

32506.0

32503.0

32518.0

32401.0

32452.0

32472.0

32519.0

32465.0

32428.0

32412.0

32423.0

32359.0

32327.0

32347.0

32390.0

32367.0

32479.0

32497.0

32482.0

32448.0

32403.0

32360.0

32324.0

32360.0

32413.0

32413.0

32427.0

32478.0

32449.0

32453.0

32481.0

32495.0

32566.0

32594.0

32576.0

32550.0

32560.0

32523.0

32518.0

32512.0

32492.0

32467.0

32439.0

32442.0

32428.0

32318.0

32278.0

32188.0

32184.0

32196.0

32241.0

32201.0

32168.0

32156.0

32166.0

32184.0

32185.0

32215.0

32200.0

32224.0

32279.0

32256.0

32185.0

32203.0

32218.0

32246.0

32255.0

32262.0

32303.0

32314.0

32335.0

32465.0

32443.0

32474.0

32493.0

32517.0

32517.0

32575.0

32645.0

32637.0

32670.0

32683.0

32697.0

32760.0

32900.0

33043.0

33098.0

33229.0

33244.0

33232.0

33416.0

33496.0

33529.0

33590.0

33574.0

33528.0

33606.0

33665.0

33649.0

33610.0

33593.0

33607.0

33525.0

33527.0

33588.0

33667.0

33677.0

33707.0

33713.0

33697.0

33735.0

33684.0

33653.0

33643.0

33635.0

33648.0

33638.0

33726.0

33714.0

33715.0

33738.0

33770.0

33812.0

33722.0

33686.0

33689.0

33732.0

33739.0

33792.0

33807.0

33816.0

33805.0

33848.0

33853.0

33937.0

33932.0

33923.0

33888.0

33844.0

33834.0

33863.0

33837.0

33797.0

33752.0

33777.0

33756.0

33667.0

33712.0

33734.0

33709.0

33769.0

33809.0

33863.0

33887.0

33874.0

33887.0

33934.0

33955.0

33961.0

33940.0

33928.0

33936.0

33822.0

33827.0

33839.0

33898.0

33874.0

33878.0

33856.0

33842.0

33873.0

33913.0

33960.0

33959.0

33933.0

33926.0

33867.0

33851.0

33835.0

33837.0

33868.0

33891.0

33942.0

33930.0

33960.0

33991.0

34009.0

33978.0

33934.0

33936.0

33956.0

34056.0

34226.0

34262.0

34370.0

34477.0

34486.0

34473.0

34394.0

34379.0

34327.0

34370.0

34426.0

34458.0

34383.0

34391.0

34353.0

34340.0

34302.0

34302.0

34190.0

34162.0

33944.0

33973.0

33981.0

33953.0

33839.0

33923.0

33957.0

33967.0

33981.0

33962.0

33954.0

33987.0

34140.0

34151.0

34081.0

33981.0

33986.0

34019.0

34058.0

34076.0

34040.0

34063.0

34106.0

34138.0

34254.0

34303.0

34349.0

34433.0

34274.0

34181.0

33993.0

34055.0

34098.0

34097.0

34031.0

34067.0

34019.0

33966.0

34022.0

34090.0

34142.0

34121.0

34182.0

34228.0

34289.0

34299.0

34344.0

34288.0

34257.0

34220.0

34275.0

34185.0

34328.0

34413.0

34440.0

34400.0

34449.0

34469.0

34361.0

34354.0

34351.0

34354.0

34396.0

34492.0

34450.0

34444.0

34475.0

34496.0

34565.0

34672.0

34709.0

34770.0

34807.0

34743.0

34774.0

34760.0

34739.0

34665.0

34572.0

34599.0

34604.0

34487.0

34467.0

34502.0

34471.0

34545.0

34593.0

34578.0

34563.0

34507.0

34368.0

34404.0

34447.0

34490.0

34411.0

34399.0

34449.0

34432.0

34314.0

34356.0

34368.0

34363.0

34316.0

34331.0

34370.0

34260.0

34134.0

34175.0

34213.0

34225.0

34102.0

34117.0

33981.0

34010.0

33968.0

34196.0

34216.0

34173.0

34123.0

34182.0

34257.0

34219.0

34218.0

34224.0

34230.0

34243.0

34150.0

34249.0

34263.0

34308.0

34424.0

34415.0

34440.0

34457.0

34428.0

34475.0

34463.0

34463.0

34432.0

34418.0

34349.0

34404.0

34516.0

34552.0

34409.0

34377.0

34388.0

34466.0

34412.0

34403.0

34423.0

34465.0

34463.0

34501.0

34571.0

34578.0

34569.0

34539.0

34507.0

34551.0

34576.0

34594.0

34587.0

34724.0

34798.0

34659.0

34958.0

35065.0

35241.0

35375.0

35392.0

35662.0

35781.0

35810.0

35925.0

37764.0

38413.0

37764.0

38075.0

38248.0

38352.0

38216.0

38094.0

38182.0

38332.0

38430.0

38373.0

38110.0

38113.0

38145.0

38160.0

38176.0

38165.0

38300.0

38275.0

38330.0

38332.0

38348.0

38489.0

38330.0

38307.0

38357.0

38423.0

38445.0

38529.0

38569.0

38557.0

38720.0

39059.0

38979.0

38894.0

38720.0

38756.0

38829.0

38544.0

38341.0

38193.0

38104.0

37955.0

37980.0

38072.0

38041.0

38130.0

38281.0

38330.0

38315.0

38281.0

38258.0

38154.0

38273.0

38295.0

38238.0

38267.0

38345.0

38439.0

38589.0

38598.0

38567.0

38500.0

38524.0

38464.0

38476.0

38437.0

38560.0

38794.0

38839.0

38736.0

38409.0

38241.0

38126.0

38284.0

38274.0

38361.0

38420.0

38445.0

38470.0

38403.0

38336.0

38323.0

38348.0

38304.0

38367.0

38406.0

38538.0

38589.0

38633.0

38646.0

38748.0

39176.0

39343.0

39106.0

39067.0

38882.0

39025.0

39198.0

39288.0

39328.0

39236.0

39421.0

39540.0

39664.0

39706.0

39869.0

39732.0

39998.0

40204.0

40344.0

40007.0

39792.0

39554.0

38694.0

38515.0

37916.0

38112.0

38132.0

37677.0

37692.0

37647.0

37639.0

37128.0

37244.0

37183.0

37352.0

37081.0

37029.0

37225.0

37254.0

37577.0

37465.0

37636.0

37584.0

37511.0

37342.0

37325.0

37442.0

37186.0

37401.0

37262.0

37338.0

37415.0

37298.0

37083.0

37072.0

36892.0

37057.0

36922.0

37029.0

37106.0

37064.0

36915.0

36764.0

36630.0

36529.0

36627.0

36714.0

36733.0

36888.0

36854.0

36805.0

37015.0

36900.0

36864.0

37037.0

36995.0

37035.0

37068.0

37203.0

37137.0

37119.0

37173.0

37206.0

37228.0

37306.0

37232.0

37154.0

37049.0

37108.0

37198.0

37148.0

37058.0

37040.0

37135.0

37168.0

37268.0

37384.0

37328.0

37329.0

37266.0

37308.0

37228.0

37302.0

37356.0

37446.0

37400.0

37355.0

37320.0

37427.0

37539.0

37566.0

37656.0

37613.0

37625.0

37653.0

37816.0

37896.0

38039.0

37866.0

37903.0

38012.0

38279.0

38381.0

38377.0

38358.0

38323.0

38439.0

38671.0

38635.0

38499.0

37983.0

37890.0

38209.0

38309.0

38094.0

38294.0

38367.0

38418.0

38209.0

38113.0

38210.0

38206.0

38200.0

37931.0

37879.0

37981.0

37753.0

37673.0

37666.0

37757.0

37800.0

37794.0

37838.0

37686.0

37539.0

37638.0

37900.0

37984.0

37930.0

37937.0

37990.0

37905.0

38035.0

38050.0

38086.0

38013.0

38076.0

38018.0

38087.0

38140.0

38056.0

38034.0

38057.0

38236.0

38392.0

38406.0

38338.0

38274.0

38251.0

38255.0

38476.0

38670.0

39064.0

39093.0

39043.0

39067.0

39016.0

38966.0

39015.0

39347.0

39236.0

39254.0

39172.0

39148.0

39071.0

39089.0

39118.0

39287.0

39294.0

39370.0

39670.0

39801.0

39844.0

40132.0

39908.0

39921.0

39913.0

39729.0

39671.0

39764.0

40115.0

40134.0

39866.0

39922.0

39916.0

39819.0

39734.0

39685.0

39772.0

39816.0

39859.0

39990.0

40006.0

40005.0

40100.0

40132.0

40099.0

39920.0

39841.0

39854.0

39501.0

39651.0

39743.0

39671.0

39712.0

39706.0

39911.0

39838.0

39806.0

39766.0

39670.0

39639.0

39537.0

39604.0

39707.0

39703.0

39804.0

39811.0

39836.0

39935.0

40047.0

40158.0

40120.0

40106.0

40199.0

40255.0

40313.0

40360.0

40648.0

40740.0

40722.0

40643.0

40561.0

40776.0

40652.0

40573.0

39996.0

39826.0

39908.0

39816.0

39685.0

39665.0

39542.0

39607.0

39622.0

39773.0

39716.0

39657.0

39679.0

39509.0

39529.0

39583.0

39620.0

39723.0

39810.0

39696.0

39748.0

39837.0

39912.0

39808.0

39923.0

40116.0

40170.0

40181.0

39821.0

39379.0

39282.0

39006.0

39250.0

39615.0

39578.0

39799.0

40374.0

40414.0

40391.0

40404.0

40117.0

40401.0

40409.0

40369.0

40118.0

40156.0

40024.0

39965.0

40116.0

40085.0

40077.0

39968.0

39948.0

40081.0

40097.0

40145.0

40166.0

40123.0

40050.0

39980.0

39784.0

39772.0

39824.0

39957.0

39882.0

39893.0

40014.0

40027.0

39964.0

40155.0

39954.0

39803.0

39761.0

39643.0

39686.0

39529.0

39430.0

39587.0

39666.0

39683.0

39811.0

39808.0

39830.0

39926.0

39928.0

39780.0

39816.0

39740.0

39631.0

39695.0

39681.0

39687.0

39766.0

39847.0

39978.0

40023.0

40112.0

40005.0

39935.0

39847.0

39809.0

39991.0

40127.0

40173.0

40190.0

40138.0

40110.0

40139.0

40122.0

39991.0

40061.0

40055.0

40058.0

40031.0

40020.0

39932.0

39893.0

39903.0

39895.0

39922.0

40035.0

39963.0

40024.0

40141.0

40127.0

40188.0

40579.0

40430.0

40359.0

40460.0

40389.0

40285.0

40173.0

40207.0

40205.0

40165.0

40203.0

39987.0

39750.0

39824.0

39664.0

39676.0

39718.0

39638.0

39735.0

39725.0

39765.0

39878.0

39930.0

39840.0

39869.0

39899.0

39930.0

39863.0

39776.0

39786.0

39885.0

39953.0

40053.0

39978.0

40042.0

39964.0

39959.0

39992.0

39944.0

39917.0

39909.0

39857.0

39796.0

39765.0

39742.0

39823.0

39756.0

39717.0

39779.0

39691.0

39673.0

39649.0

39547.0

39527.0

39521.0

39555.0

39528.0

39612.0

39544.0

39561.0

39603.0

39718.0

39709.0

39671.0

39757.0

39826.0

39741.0

39738.0

39758.0

39700.0

39644.0

39618.0

39615.0

39575.0

39654.0

39757.0

39756.0

39782.0

39823.0

39811.0

39944.0

40167.0

40307.0

40165.0

39993.0

40025.0

39902.0

40040.0

40088.0

40048.0

39944.0

39946.0

39958.0

40010.0

39967.0

40021.0

40093.0

40111.0

40197.0

40189.0

40153.0

40110.0

40089.0

40001.0

40030.0

40065.0

40092.0

40020.0

40018.0

40005.0

39941.0

39919.0

39907.0

39858.0

39807.0

39806.0

39814.0

39735.0

39703.0

39779.0

39729.0

39742.0

39723.0

39683.0

39799.0

39814.0

39780.0

39844.0

39837.0

39892.0

39835.0

39878.0

39818.0

39731.0

39684.0

39721.0

39734.0

39663.0

38995.0

38781.0

38627.0

38664.0

38449.0

38537.0

38610.0

38770.0

38737.0

38647.0

38749.0

38773.0

38922.0

38926.0

38883.0

38857.0

38893.0

38940.0

38850.0

38749.0

38781.0

38797.0

38822.0

38844.0

38863.0

38772.0

38752.0

38810.0

38847.0

38905.0

38933.0

38960.0

39040.0

39090.0

39034.0

38997.0

39075.0

39062.0

38993.0

39050.0

39073.0

39081.0

39101.0

39111.0

39043.0

39016.0

39100.0

39055.0

39023.0

39004.0

39028.0

39051.0

39036.0

39037.0

39071.0

39052.0

39009.0

39139.0

39164.0

39169.0

39127.0

39123.0

39129.0

39269.0

39365.0

39347.0

39325.0

39650.0

39847.0

40106.0

40211.0

40256.0

40429.0

40807.0

40782.0

40919.0

40906.0

41257.0

41435.0

41171.0

41267.0

41123.0

41162.0

41250.0

41255.0

41422.0

41424.0

41443.0

41430.0

41621.0

41838.0

42188.0

41855.0

42041.0

41915.0

41753.0

41886.0

41922.0

41939.0

41911.0

41796.0

41880.0

41916.0

41941.0

41925.0

42064.0

42107.0

42046.0

41975.0

41992.0

42086.0

41885.0

41867.0

41823.0

41899.0

41832.0

41690.0

41756.0

41752.0

41758.0

41748.0

41803.0

41763.0

41728.0

41597.0

41486.0

41507.0

41646.0

41609.0

41547.0

41448.0

41480.0

41492.0

41526.0

41588.0

41601.0

41539.0

41539.0

41607.0

41563.0

41702.0

41639.0

41652.0

41729.0

41758.0

41737.0

41688.0

41821.0

41739.0

41647.0

41647.0

41648.0

41692.0

41657.0

41774.0

41828.0

41859.0

41788.0

41780.0

41572.0

41629.0

41572.0

41644.0

41614.0

41559.0

41677.0

41640.0

41588.0

41580.0

41629.0

41609.0

41548.0

41468.0

41454.0

41478.0

41391.0

41278.0

41483.0

41411.0

41422.0

41344.0

41376.0

41446.0

41536.0

41491.0

41474.0

41611.0

41556.0

41537.0

41539.0

41431.0

41382.0

41376.0

41347.0

41335.0

41344.0

41264.0

41229.0

41241.0

41210.0

41180.0

41295.0

41378.0

41401.0

41421.0

41422.0

41355.0

41314.0

41428.0

41434.0

41349.0

41328.0

41279.0

41246.0

41365.0

41661.0

41649.0

41544.0

41656.0

41722.0

41706.0

41812.0

41833.0

41955.0

41803.0

41724.0

41810.0

41847.0

41878.0

41888.0

41920.0

41944.0

41843.0

41847.0

41837.0

41638.0

41513.0

41536.0

41627.0

41652.0

41742.0

41747.0

41844.0

41856.0

41762.0

41744.0

41761.0

41734.0

41726.0

41693.0

41722.0

41688.0

41777.0

41829.0

41907.0

41966.0

42215.0

42277.0

42300.0

42467.0

42352.0

42387.0

42283.0

42253.0

42285.0

42131.0

42104.0

41880.0

41888.0

41941.0

41884.0

41846.0

41734.0

41797.0

41786.0

41760.0

41745.0

41755.0

41802.0

41695.0

41765.0

41801.0

41789.0

41714.0

41788.0

41788.0

41774.0

41774.0

41696.0

41756.0

41869.0

41904.0

41896.0

41871.0

41882.0

41907.0

41806.0

41787.0

41719.0

41707.0

41707.0

41522.0

41563.0

41453.0

41447.0

41562.0

41559.0

41597.0

41675.0

41725.0

41688.0

41768.0

41679.0

41647.0

41596.0

41499.0

41490.0

41482.0

41480.0

41468.0

41515.0

41499.0

41440.0

41385.0

41350.0

41380.0

41349.0

41387.0

41516.0

41477.0

41382.0

41304.0

41204.0

41023.0

40896.0

40894.0

41081.0

41277.0

41236.0

41121.0

41024.0

41021.0

41074.0

41049.0

41093.0

41119.0

41161.0

41210.0

41183.0

41070.0

41048.0

40916.0

41225.0

41453.0

41466.0

41321.0

41425.0

41495.0

41334.0

41192.0

41308.0

41333.0

41181.0

41105.0

41207.0

41290.0

41158.0

41124.0

41179.0

41066.0

40670.0

40297.0

40205.0

40320.0

40430.0

40346.0

39848.0

39945.0

39888.0

40031.0

40022.0

40031.0

39944.0

39831.0

39694.0

39590.0

39597.0

39673.0

39551.0

39742.0

39785.0

39701.0

39735.0

39639.0

39688.0

39751.0

39769.0

39873.0

39897.0

39825.0

39804.0

39770.0

39834.0

39846.0

39764.0

39716.0

39814.0

39791.0

39758.0

39716.0

39756.0

39753.0

39680.0

39762.0

39830.0

39772.0

39741.0

39715.0

39747.0

39764.0

40156.0

40286.0

40360.0

40270.0

40234.0

40135.0

40126.0

40111.0

40038.0

39948.0

39774.0

39645.0

39632.0

39597.0

39510.0

39675.0

39575.0

39527.0

39538.0

39632.0

39612.0

39633.0

39659.0

39751.0

39814.0

39752.0

39564.0

39541.0

39598.0

39571.0

39563.0

39578.0

39612.0

39277.0

39258.0

39275.0

39335.0

39346.0

39253.0

39291.0

39357.0

39500.0

39499.0

39598.0

39725.0

39665.0

39627.0

39616.0

39622.0

39648.0

39733.0

39780.0

39768.0

39793.0

39761.0

39773.0

39785.0

39856.0

39955.0

39831.0

39730.0

39812.0

39827.0

39737.0

39783.0

39795.0

39765.0

39733.0

39734.0

39655.0

39711.0

39733.0

39691.0

39690.0

39754.0

39634.0

39550.0

39419.0

39344.0

39222.0

38986.0

38900.0

39088.0

38869.0

38846.0

38896.0

38975.0

39001.0

38896.0

39119.0

39286.0

39279.0

39260.0

39378.0

39487.0

39457.0

39447.0

39474.0

39541.0

39427.0

39388.0

39414.0

39328.0

39227.0

38944.0

38985.0

39256.0

39639.0

39665.0

39395.0

39170.0

39154.0

39075.0

39091.0

38989.0

38932.0

38957.0

39020.0

39062.0

39069.0

39073.0

39017.0

38979.0

38935.0

38844.0

38741.0

38638.0

38693.0

38650.0

38765.0

38800.0

38689.0

38653.0

38445.0

38224.0

38215.0

38280.0

38354.0

38333.0

38328.0

38400.0

38423.0

38445.0

38387.0

38440.0

38445.0

38467.0

38526.0

38613.0

38661.0

38572.0

38622.0

38549.0

38539.0

38676.0

38603.0

38650.0

38605.0

38558.0

38501.0

38619.0

38579.0

38559.0

38645.0

38662.0

38647.0

38629.0

38624.0

38782.0

38736.0

38745.0

38720.0

38682.0

38520.0

38568.0

38543.0

37996.0

38408.0

38290.0

38239.0

38409.0

38455.0

38520.0

38453.0

38463.0

38523.0

38629.0

38543.0

38579.0

38535.0

38615.0

38624.0

38483.0

38325.0

38261.0

38156.0

38089.0

38297.0

38131.0

38223.0

38177.0

38181.0

38146.0

38235.0

38318.0

38459.0

38512.0

38363.0

38308.0

38340.0

38203.0

38095.0

37942.0

37964.0

37964.0

38044.0

38107.0

38213.0

38200.0

38216.0

38337.0

38302.0

38292.0

38076.0

38013.0

38000.0

38131.0

38101.0

38076.0

38134.0

38149.0

38220.0

38276.0

38350.0

38346.0

38358.0

38371.0

38395.0

38525.0

38481.0

38317.0

38338.0

38571.0

38527.0

38418.0

38421.0

38351.0

38192.0

38181.0

38122.0

38126.0

38259.0

38333.0

38481.0

38458.0

38534.0

38532.0

38535.0

38461.0

38392.0

38422.0

38262.0

38215.0

38250.0

38162.0

38136.0

38128.0

38086.0

37999.0

38106.0

38057.0

38038.0

37974.0

37968.0

37908.0

37919.0

38062.0

38049.0

38096.0

38215.0

38225.0

38168.0

38138.0

38048.0

37914.0

37940.0

37950.0

38108.0

38118.0

37877.0

37881.0

37813.0

37812.0

37796.0

37827.0

37845.0

37875.0

37945.0

37766.0

37778.0

37740.0

37784.0

37758.0

37803.0

37840.0

37819.0

37859.0

37859.0

37885.0

37802.0

37864.0

37957.0

37927.0

38091.0

38241.0

38118.0

38164.0

38217.0

38168.0

38190.0

38386.0

38364.0

38494.0

38459.0

38556.0

38846.0

38865.0

38856.0

39128.0

39160.0

39194.0

39070.0

38976.0

39157.0

39155.0

39031.0

39125.0

39158.0

39355.0

39404.0

39328.0

39343.0

39359.0

39323.0

39341.0

39470.0

39387.0

39507.0

39548.0

39526.0

39425.0

39455.0

39402.0

39394.0

39440.0

39396.0

39714.0

39643.0

39697.0

39642.0

39685.0

39606.0

39619.0

39747.0

39748.0

39639.0

39678.0

39777.0

39841.0

39728.0

39788.0

39736.0

39668.0

39720.0

39876.0

39877.0

39807.0

39849.0

39889.0

39853.0

39951.0

39910.0

39934.0

39858.0

39846.0

39726.0

39665.0

39754.0

39843.0

39864.0

39727.0

39775.0

39799.0

39756.0

39725.0

39740.0

39750.0

39616.0

39416.0

39476.0

39324.0

39380.0

39369.0

39552.0

39446.0

39437.0

39389.0

39384.0

39357.0

39403.0

39539.0

39397.0

39398.0

39424.0

39415.0

39489.0

39520.0

39516.0

39499.0

39405.0

39402.0

39414.0

39465.0

39489.0

39489.0

39430.0

39389.0

39394.0

39380.0

39270.0

39231.0

39166.0

39092.0

39140.0

39074.0

39055.0

38897.0

38943.0

38843.0

38894.0

38830.0

38941.0

38942.0

38854.0

38774.0

38554.0

38623.0

38466.0

38256.0

38170.0

38133.0

38069.0

38192.0

38191.0

38177.0

38027.0

38068.0

38038.0

38106.0

38230.0

38214.0

38162.0

38118.0

38078.0

38144.0

38041.0

37995.0

38003.0

37568.0

37952.0

37995.0

37815.0

37839.0

37957.0

37799.0

37932.0

38285.0

38480.0

38442.0

38490.0

38881.0

38965.0

38975.0

39255.0

39333.0

39334.0

39094.0

39012.0

39279.0

39354.0

39227.0

39244.0

39417.0

39783.0

39758.0

40213.0

40304.0

40363.0

40394.0

40644.0

40599.0

40496.0

40848.0

40874.0

40877.0

40980.0

41103.0

41306.0

41160.0

40997.0

40736.0

40915.0

41004.0

40992.0

40991.0

40973.0

40886.0

40964.0

40950.0

40820.0

40994.0

41098.0

40848.0

40951.0

40976.0

40980.0

40896.0

40910.0

41004.0

40996.0

41025.0

41037.0

41016.0

41016.0

40871.0

40893.0

40818.0

40888.0

40592.0

40638.0

40385.0

40184.0

40243.0

40105.0

40285.0

40415.0

40489.0

40603.0

40572.0

40369.0

40433.0

40406.0

40371.0

40463.0

40512.0

40569.0

40444.0

40433.0

40242.0

40297.0

40299.0

40130.0

40015.0

40022.0

40043.0

40239.0

40279.0

40250.0

40404.0

40474.0

40447.0

40543.0

40554.0

41084.0

40915.0

40834.0

40759.0

41063.0

41034.0

40863.0

40922.0

40958.0

40854.0

40779.0

40808.0

40946.0

40848.0

40836.0

41074.0

40920.0

40850.0

40865.0

40796.0

40726.0

40653.0

40664.0

40602.0

40574.0

40571.0

40631.0

40801.0

40653.0

40620.0

40653.0

40690.0

40683.0

40644.0

40522.0

40529.0

40956.0

40919.0

40843.0

40798.0

40834.0

40889.0

40952.0

40979.0

40958.0

40888.0

40874.0

40865.0

40808.0

40785.0

40836.0

40878.0

40814.0

40875.0

41365.0

41638.0

41673.0

41816.0

42117.0

42773.0

42745.0

42589.0

42605.0

42363.0

42519.0

42631.0

42709.0

42881.0

42850.0

43058.0

42897.0

42939.0

42819.0

42809.0

42878.0

42780.0

42809.0

42879.0

42987.0

42884.0

42954.0

42889.0

42870.0

42888.0

42812.0

42611.0

42801.0

42719.0

42702.0

42616.0

42544.0

42627.0

42657.0

42636.0

42491.0

42617.0

42759.0

42718.0

42635.0

42631.0

42745.0

42715.0

42627.0

42742.0

42751.0

42796.0

42823.0

42724.0

42808.0

42792.0

42898.0

42968.0

43223.0

43083.0

42948.0

43024.0

43095.0

43174.0

43259.0

43191.0

43227.0

43346.0

43279.0

43160.0

43285.0

43284.0

43174.0

43227.0

43367.0

43554.0

43736.0

43722.0

43794.0

43644.0

43630.0

43489.0

43380.0

43435.0

43394.0

43410.0

43466.0

43560.0

43441.0

43415.0

43470.0

43396.0

43136.0

43226.0

43287.0

43218.0

43174.0

43161.0

43262.0

43381.0

43285.0

43203.0

43374.0

43380.0

43333.0

43449.0

43470.0

43652.0

43635.0

43588.0

43751.0

43737.0

43668.0

43761.0

43850.0

43741.0

43695.0

43713.0

43668.0

43482.0

43549.0

43704.0

43679.0

43722.0

43847.0

44231.0

44292.0

44427.0

44238.0

43693.0

43541.0

43387.0

43406.0

43634.0

43572.0

43354.0

43314.0

43378.0

43481.0

43504.0

43582.0

43521.0

43531.0

43466.0

43592.0

43606.0

43513.0

43415.0

43390.0

42917.0

42963.0

42811.0

43351.0

43643.0

43661.0

43608.0

43442.0

43454.0

43351.0

43483.0

43422.0

43358.0

43435.0

43534.0

43538.0

43619.0

43624.0

43696.0

43619.0

43664.0

43632.0

43521.0

43891.0

43828.0

43820.0

43928.0

43921.0

43971.0

43944.0

44090.0

44224.0

44284.0

44167.0

44070.0

43769.0

43862.0

43878.0

43983.0

44109.0

44044.0

44042.0

44190.0

44208.0

44275.0

44381.0

44430.0

44590.0

44501.0

44556.0

44358.0

44289.0

44367.0

44628.0

44370.0

44194.0

44195.0

43984.0

44072.0

44049.0

44044.0

43960.0

43894.0

44036.0

44000.0

43951.0

44038.0

44202.0

44261.0

44177.0

44255.0

44298.0

44288.0

44396.0

44459.0

44361.0

44229.0

44295.0

44292.0

44378.0

44501.0

44597.0

44740.0

44749.0

44783.0

44783.0

45035.0

45039.0

45225.0

45031.0

45102.0

45215.0

45136.0

45017.0

44890.0

44886.0

44964.0

44816.0

44785.0

44727.0

44734.0

44544.0

44672.0

44704.0

44701.0

44748.0

44727.0

44712.0

44701.0

44496.0

44419.0

44377.0

44342.0

44431.0

44496.0

44318.0

44472.0

44615.0

44535.0

44507.0

44551.0

44644.0

44867.0

44818.0

44889.0

45068.0

44983.0

44908.0

44832.0

44800.0

44707.0

44714.0

44639.0

44595.0

44510.0

44360.0

44237.0

44012.0

44108.0

44106.0

44019.0

44130.0

44116.0

44016.0

44084.0

44253.0

44213.0

44044.0

43925.0

43811.0

43695.0

43690.0

43792.0

43856.0

43884.0

43751.0

43729.0

43785.0

43784.0

43815.0

43771.0

43631.0

43580.0

43418.0

43717.0

43829.0

43603.0

43686.0

43771.0

44226.0

43954.0

43819.0

43825.0

43902.0

43953.0

44000.0

44113.0

44157.0

44143.0

44233.0

44375.0

44528.0

44378.0

44318.0

44364.0

44320.0

44452.0

44386.0

44166.0

44116.0

43846.0

43838.0

43751.0

43465.0

43503.0

43333.0

43167.0

43279.0

43072.0

43052.0

43170.0

43309.0

43168.0

43150.0

43202.0

43274.0

43296.0

43349.0

43492.0

43489.0

43450.0

43391.0

43437.0

43484.0

43591.0

43546.0

43485.0

43397.0

43437.0

43556.0

43593.0

43602.0

43715.0

43666.0

43649.0

43588.0

43516.0

43571.0

43462.0

43400.0

43390.0

43515.0

43447.0

43511.0

43601.0

43510.0

43457.0

43561.0

43725.0

43791.0

43809.0

43717.0

43691.0

43826.0

43850.0

43797.0

43737.0

44441.0

44610.0

44666.0

44844.0

44902.0

45141.0

45019.0

44974.0

45189.0

45527.0

45607.0

45581.0

45725.0

45757.0

45588.0

45705.0

45889.0

45708.0

45630.0

45763.0

45720.0

45725.0

45693.0

45703.0

45719.0

45850.0

45828.0

45733.0

45416.0

45996.0

45994.0

45915.0

45730.0

45725.0

45682.0

45779.0

45956.0

45959.0

45967.0

45939.0

45946.0

46067.0

45844.0

45804.0

45788.0

45868.0

45884.0

45894.0

45829.0

45850.0

45848.0

45832.0

45872.0

45910.0

45978.0

46004.0

46211.0

46402.0

46221.0

46258.0

46337.0

46333.0

46209.0

46198.0

45986.0

46224.0

46387.0

46340.0

45773.0

45672.0

45556.0

45597.0

45206.0

45233.0

45663.0

45823.0

