29644.0

29681.0

29758.0

29789.0

29810.0

29950.0

29894.0

29878.0

29840.0

29846.0

29816.0

29710.0

29744.0

29731.0

29709.0

29714.0

29810.0

29812.0

29853.0

29816.0

29898.0

29894.0

29891.0

29925.0

29999.0

29976.0

29924.0

29908.0

29791.0

29712.0

29793.0

29740.0

29726.0

29675.0

29589.0

29658.0

29761.0

29851.0

29834.0

29856.0

29795.0

29676.0

29638.0

29731.0

29678.0

29768.0

29768.0

29855.0

29819.0

29866.0

29896.0

29859.0

29909.0

29923.0

29930.0

29965.0

30416.0

30666.0

30728.0

30682.0

30642.0

30773.0

30770.0

30739.0

30813.0

30808.0

30921.0

30909.0

30894.0

30871.0

30867.0

30861.0

30807.0

30879.0

30875.0

30903.0

30859.0

30931.0

30944.0

31536.0

31488.0

31451.0

31429.0

31448.0

31501.0

31575.0

31577.0

31695.0

31629.0

31595.0

31578.0

31584.0

31596.0

31598.0

31583.0

31701.0

31793.0

31714.0

31890.0

31917.0

31923.0

31914.0

31992.0

31981.0

32062.0

32380.0

32228.0

31997.0

32094.0

32090.0

32210.0

32244.0

32319.0

32168.0

32182.0

31965.0

31986.0

31829.0

31783.0

31719.0

31740.0

31645.0

31776.0

31810.0

31813.0

31977.0

31935.0

31887.0

32030.0

32080.0

32111.0

32132.0

32109.0

32184.0

32229.0

32180.0

32372.0

32312.0

32182.0

32092.0

32126.0

32054.0

32093.0

32031.0

32026.0

31913.0

31968.0

31965.0

32037.0

31982.0

32017.0

32060.0

32178.0

32200.0

32108.0

32095.0

32057.0

32048.0

31960.0

32091.0

32075.0

32069.0

32063.0

32237.0

32301.0

32247.0

32148.0

32173.0

32265.0

32246.0

32202.0

32158.0

32170.0

31913.0

31944.0

31971.0

31908.0

31931.0

32009.0

31891.0

31846.0

31908.0

31971.0

31938.0

31896.0

32083.0

32148.0

32246.0

32190.0

32162.0

32148.0

32122.0

32194.0

32231.0

32220.0

32301.0

32315.0

32372.0

32514.0

32502.0

32387.0

32389.0

32402.0

32469.0

32471.0

32459.0

32451.0

32364.0

32347.0

32301.0

32350.0

32338.0

32349.0

32380.0

32400.0

32368.0

32333.0

32325.0

32315.0

32307.0

32314.0

32336.0

32281.0

32258.0

32199.0

32228.0

32287.0

32255.0

32327.0

32354.0

32385.0

32344.0

32378.0

32318.0

32388.0

32404.0

32426.0

32620.0

32660.0

32744.0

32703.0

32671.0

32674.0

32646.0

32616.0

32591.0

32605.0

32631.0

32699.0

32750.0

32697.0

32758.0

32728.0

32841.0

32724.0

32609.0

32625.0

32672.0

32623.0

32535.0

32531.0

32503.0

32532.0

32510.0

32494.0

32503.0

32510.0

32452.0

32519.0

32465.0

32418.0

32423.0

32299.0

32347.0

32372.0

32479.0

32488.0

32448.0

32379.0

32324.0

32451.0

32413.0

32464.0

32449.0

32451.0

32495.0

32580.0

32576.0

32579.0

32523.0

32506.0

32492.0

32469.0

32442.0

32396.0

32278.0

32153.0

32196.0

32228.0

32168.0

32163.0

32184.0

32214.0

32200.0

32253.0

32256.0

32188.0

32218.0

32222.0

32262.0

32307.0

32335.0

32479.0

32474.0

32520.0

32517.0

32609.0

32637.0

32685.0

32697.0

32825.0

33043.0

33199.0

33244.0

33273.0

33496.0

33543.0

33574.0

33565.0

33665.0

33664.0

33593.0

33591.0

33527.0

33667.0

33677.0

33753.0

33697.0

33711.0

33653.0

33612.0

33648.0

33669.0

33714.0

33688.0

33770.0

33767.0

33686.0

33703.0

33739.0

33792.0

33816.0

33798.0

33853.0

33911.0

33923.0

33864.0

33834.0

33868.0

33797.0

33764.0

33756.0

33670.0

33734.0

33713.0

33809.0

33887.0

33874.0

33895.0

33955.0

33974.0

33928.0

33895.0

33827.0

33891.0

33874.0

33898.0

33842.0

33879.0

33960.0

33944.0

33926.0

33869.0

33835.0

33844.0

33891.0

33936.0

33960.0

34029.0

33978.0

33974.0

33956.0

34169.0

34262.0

34459.0

34486.0

34487.0

34379.0

34325.0

34426.0

34415.0

34391.0

34338.0

34302.0

34195.0

34162.0

33936.0

33981.0

33886.0

33923.0

33976.0

33981.0

33951.0

33987.0

34148.0

34081.0

33984.0

34019.0

34049.0

34040.0

34098.0

34138.0

34277.0

34349.0

34461.0

34181.0

34030.0

34098.0

34039.0

34067.0

33992.0

34022.0

34132.0

34121.0

34197.0

34289.0

34307.0

34288.0

34263.0

34275.0

34316.0

34413.0

34431.0

34449.0

34433.0

34354.0

34353.0

34396.0

34452.0

34444.0

34464.0

34565.0

34730.0

34770.0

34776.0

34774.0

34741.0

34665.0

34581.0

34604.0

34456.0

34502.0

34515.0

34593.0

34558.0

34507.0

34374.0

34447.0

34457.0

34399.0

34414.0

34314.0

34370.0

34363.0

34330.0

34370.0

34166.0

34175.0

34239.0

34102.0

33985.0

34010.0

34015.0

34216.0

34089.0

34182.0

34232.0

34218.0

34267.0

34243.0

34180.0

34263.0

34388.0

34415.0

34456.0

34428.0

34459.0

34463.0

34424.0

34349.0

34456.0

34552.0

34388.0

34388.0

34432.0

34403.0

34441.0

34463.0

34565.0

34578.0

34554.0

34507.0

34532.0

34594.0

34583.0

34798.0

34753.0

35065.0

35253.0

35392.0

35711.0

35810.0

36180.0

38413.0

37897.0

38248.0

38321.0

38094.0

38202.0

38430.0

38313.0

38113.0

38181.0

38176.0

38195.0

38275.0

38397.0

38348.0

38473.0

38307.0

38411.0

38445.0

38486.0

38557.0

38939.0

38979.0

38683.0

38756.0

38762.0

38341.0

38238.0

37955.0

38062.0

38041.0

38176.0

38330.0

38332.0

38258.0

38165.0

38295.0

38220.0

38345.0

38473.0

38598.0

38542.0

38524.0

38468.0

38437.0

38649.0

38839.0

38703.0

38241.0

38290.0

38274.0

38363.0

38445.0

38479.0

38336.0

38340.0

38304.0

38354.0

38538.0

38565.0

38646.0

38842.0

39343.0

39126.0

38882.0

39133.0

39288.0

39222.0

39421.0

39627.0

39706.0

39773.0

39998.0

40390.0

40007.0

39807.0

38694.0

38390.0

38112.0

37719.0

37692.0

37783.0

37128.0

37303.0

37352.0

37060.0

37225.0

37363.0

37465.0

37700.0

37511.0

37323.0

37442.0

37350.0

37262.0

37295.0

37298.0

37005.0

36892.0

37001.0

37029.0

37117.0

36915.0

36726.0

36529.0

36691.0

36733.0

36887.0

36805.0

36923.0

36864.0

37025.0

37035.0

37175.0

37137.0

37169.0

37206.0

37239.0

37232.0

37049.0

37108.0

37226.0

37058.0

37070.0

37168.0

37322.0

37328.0

37328.0

37308.0

37239.0

37356.0

37452.0

37355.0

37374.0

37539.0

37678.0

37613.0

37592.0

37816.0

37987.0

37866.0

37998.0

38279.0

38417.0

38358.0

38417.0

38671.0

38546.0

37983.0

37930.0

38309.0

38195.0

38367.0

38349.0

38113.0

38188.0

38200.0

37755.0

37981.0

37692.0

37666.0

37755.0

37794.0

37803.0

37539.0

37648.0

37984.0

37943.0

37990.0

37938.0

38050.0

38072.0

38076.0

38007.0

38140.0

38019.0

38057.0

38304.0

38406.0

38328.0

38251.0

38315.0

38670.0

39204.0

39043.0

39044.0

38966.0

39179.0

39236.0

39318.0

39148.0

39123.0

39118.0

39266.0

39370.0

39775.0

39844.0

40032.0

39921.0

39933.0

39671.0

39943.0

40134.0

39874.0

39916.0

39780.0

39685.0

39859.0

39859.0

40017.0

40005.0

40103.0

40099.0

39838.0

39854.0

39525.0

39743.0

39731.0

39706.0

39858.0

39806.0

39732.0

39639.0

39553.0

39707.0

39799.0

39811.0

39801.0

40047.0

40166.0

40106.0

40246.0

40313.0

40377.0

40740.0

40721.0

40561.0

40655.0

40573.0

39826.0

39908.0

39797.0

39665.0

39616.0

39622.0

39773.0

39657.0

39510.0

39529.0

39658.0

39723.0

39746.0

39748.0

39813.0

39808.0

40087.0

40170.0

40133.0

39379.0

39061.0

39250.0

39624.0

39799.0

40341.0

40391.0

40374.0

40401.0

40425.0

40118.0

40074.0

39965.0

40145.0

40077.0

39946.0

40081.0

40152.0

40166.0

40095.0

39980.0

39722.0

39824.0

40003.0

39893.0

40020.0

39964.0

40011.0

39803.0

39756.0

39686.0

39455.0

39587.0

39678.0

39811.0

39802.0

39926.0

39836.0

39816.0

39701.0

39695.0

39699.0

39766.0

39899.0

40023.0

40038.0

39935.0

39811.0

39991.0

40165.0

40190.0

40137.0

40139.0

40091.0

40061.0

40028.0

40031.0

40019.0

39893.0

39865.0

39922.0

39986.0

40024.0

40114.0

40188.0

40481.0

40359.0

40475.0

40285.0

40234.0

40205.0

40216.0

39987.0

39831.0

39664.0

39670.0

39638.0

39707.0

39765.0

39894.0

39840.0

39867.0

39930.0

39725.0

39786.0

39917.0

40053.0

40018.0

39964.0

39993.0

39944.0

39926.0

39857.0

39779.0

39742.0

39796.0

39717.0

39857.0

39673.0

39640.0

39527.0

39537.0

39528.0

39577.0

39561.0

39708.0

39709.0

39767.0

39826.0

39752.0

39758.0

39650.0

39618.0

39560.0

39654.0

39745.0

39782.0

39793.0

39944.0

40211.0

40165.0

40017.0

39902.0

40063.0

40048.0

39954.0

39958.0

39975.0

40021.0

40073.0

40197.0

40137.0

40110.0

40010.0

40030.0

40065.0

40020.0

40012.0

39941.0

39912.0

39858.0

39744.0

39814.0

39760.0

39779.0

39776.0

39723.0

39762.0

39814.0

39787.0

39837.0

39796.0

39878.0

39755.0

39684.0

39765.0

39663.0

38715.0

38627.0

38675.0

38537.0

38694.0

38737.0

38659.0

38773.0

38948.0

38883.0

38848.0

38940.0

38747.0

38781.0

38828.0

38844.0

38815.0

38752.0

38833.0

38905.0

38936.0

39040.0

39007.0

38997.0

39058.0

38993.0

39049.0

39081.0

39087.0

39043.0

39093.0

39055.0

39010.0

39028.0

39005.0

39037.0

39056.0

39009.0

39139.0

39169.0

39127.0

39129.0

39288.0

39347.0

39400.0

39847.0

40218.0

40256.0

40864.0

40782.0

40913.0

41257.0

41188.0

41267.0

41101.0

41250.0

41314.0

41424.0

41466.0

41621.0

41954.0

41855.0

41901.0

41753.0

41920.0

41939.0

41830.0

41880.0

41968.0

41925.0

42125.0

42046.0

42003.0

42086.0

41879.0

41823.0

41840.0

41690.0

41723.0

41758.0

41766.0

41763.0

41757.0

41486.0

41452.0

41609.0

41499.0

41480.0

41526.0

41588.0

41578.0

41539.0

41562.0

41702.0

41633.0

41729.0

41757.0

41688.0

41740.0

41647.0

41649.0

41692.0

41709.0

41828.0

41786.0

41780.0

41540.0

41572.0

41614.0

41559.0

41661.0

41588.0

41587.0

41609.0

41505.0

41454.0

41395.0

41278.0

41504.0

41422.0

41358.0

41446.0

41512.0

41474.0

41579.0

41537.0

41448.0

41382.0

41327.0

41335.0

41313.0

41229.0

41201.0

41180.0

41387.0

41401.0

41416.0

41355.0

41361.0

41434.0

41326.0

41279.0

41296.0

41661.0

41589.0

41656.0

41697.0

41812.0

41891.0

41803.0

41751.0

41847.0

41905.0

41920.0

41901.0

41847.0

41766.0

41513.0

41634.0

41652.0

41751.0

41844.0

41730.0

41744.0

41733.0

41726.0

41700.0

41688.0

41796.0

41907.0

41973.0

42277.0

42369.0

42352.0

42296.0

42253.0

42250.0

42104.0

41941.0

41941.0

41882.0

41734.0

41847.0

41760.0

41778.0

41802.0

41744.0

41801.0

41710.0

41788.0

41815.0

41774.0

41729.0

41869.0

41925.0

41871.0

41883.0

41806.0

41780.0

41707.0

41654.0

41563.0

41473.0

41562.0

41601.0

41675.0

41747.0

41768.0

41669.0

41596.0

41524.0

41482.0

41480.0

41515.0

41524.0

41385.0

41423.0

41349.0

41541.0

41477.0

41267.0

41204.0

41009.0

40894.0

41219.0

41236.0

41216.0

41021.0

41063.0

41093.0

41243.0

41210.0

41102.0

41048.0

41195.0

41453.0

41416.0

41425.0

41416.0

41192.0

41314.0

41181.0

41120.0

41290.0

41125.0

41179.0

40901.0

40297.0

40325.0

40430.0

40371.0

39945.0

40057.0

40022.0

39985.0

39831.0

39654.0

39597.0

39607.0

39742.0

39694.0

39735.0

39718.0

39751.0

39785.0

39897.0

39830.0

39770.0

39800.0

39764.0

39744.0

39791.0

39714.0

39756.0

39718.0

39762.0

39789.0

39741.0

39763.0

39764.0

40269.0

40360.0

40303.0

40135.0

40119.0

40038.0

39928.0

39645.0

39632.0

39510.0

39654.0

39527.0

39634.0

39612.0

39631.0

39751.0

39790.0

39564.0

39583.0

39571.0

39568.0

39612.0

39338.0

39275.0

39377.0

39253.0

39355.0

39500.0

39478.0

39725.0

39614.0

39616.0

39701.0

39733.0

39743.0

39793.0

39753.0

39785.0

39951.0

39831.0

39759.0

39827.0

39777.0

39795.0

39735.0

39734.0

39699.0

39733.0

39674.0

39754.0

39544.0

39419.0

39249.0

38986.0

39060.0

38869.0

38883.0

38975.0

39006.0

39119.0

39310.0

39260.0

39450.0

39457.0

39444.0

39541.0

39432.0

39414.0

39226.0

38944.0

39060.0

39639.0

39601.0

39170.0

39119.0

39091.0

38981.0

38957.0

39071.0

39069.0

39060.0

38979.0

38925.0

38741.0

38638.0

38650.0

38862.0

38689.0

38573.0

38224.0

38369.0

38354.0

38349.0

38400.0

38495.0

38387.0

38480.0

38467.0

38596.0

38661.0

38610.0

38549.0

38682.0

38603.0

38639.0

38558.0

38525.0

38579.0

38626.0

38662.0

38662.0

38624.0

38753.0

38745.0

38686.0

38520.0

38549.0

37996.0

38383.0

38239.0

38449.0

38520.0

38459.0

38523.0

38586.0

38579.0

38593.0

38624.0

38326.0

38261.0

38142.0

38297.0

38160.0

38177.0

38172.0

38235.0

38431.0

38512.0

38361.0

38340.0

38155.0

37942.0

37957.0

38044.0

38151.0

38200.0

38259.0

38302.0

38187.0

38013.0

38115.0

38101.0

38073.0

38149.0

38263.0

38350.0

38348.0

38371.0

38463.0

38481.0

38310.0

38571.0

38484.0

38421.0

38279.0

38181.0

38169.0

38259.0

38422.0

38458.0

38519.0

38535.0

38414.0

38422.0

38226.0

38250.0

38171.0

38128.0

38080.0

38106.0

38073.0

37974.0

37992.0

37919.0

38097.0

38096.0

38256.0

38168.0

38098.0

37914.0

37992.0

38108.0

37925.0

37881.0

37871.0

37796.0

37811.0

37875.0

37871.0

37778.0

37730.0

37758.0

37860.0

37819.0

37864.0

37885.0

37871.0

37957.0

38025.0

38241.0

38124.0

38217.0

38195.0

38386.0

38385.0

38459.0

38656.0

38865.0

38830.0

39160.0

39151.0

38976.0

39133.0

39031.0

39173.0

39355.0

39339.0

39343.0

39303.0

39341.0

39414.0

39507.0

39504.0

39425.0

39437.0

39394.0

39411.0

39714.0

39611.0

39642.0

39653.0

39619.0

39735.0

39639.0

39768.0

39841.0

39752.0

39736.0

39670.0

39876.0

39802.0

39849.0

39867.0

39951.0

39939.0

39858.0

39660.0

39665.0

39821.0

39864.0

39802.0

39799.0

39722.0

39740.0

39706.0

39416.0

39489.0

39380.0

39390.0

39446.0

39401.0

39384.0

39388.0

39539.0

39404.0

39424.0

39451.0

39520.0

39529.0

39405.0

39383.0

39465.0

39521.0

39430.0

39404.0

39380.0

39263.0

39166.0

39109.0

39074.0

38978.0

38943.0

38856.0

38830.0

38889.0

38854.0

38644.0

38623.0

38373.0

38170.0

38078.0

38192.0

38176.0

38027.0

38070.0

38106.0

38225.0

38162.0

38063.0

38144.0

38087.0

38003.0

37695.0

37995.0

37782.0

37957.0

37792.0

38285.0

38428.0

38490.0

38888.0

38975.0

39267.0

39334.0

38740.0

39279.0

39290.0

39244.0

39664.0

39758.0

40263.0

40363.0

40483.0

40599.0

40551.0

40874.0

40819.0

41103.0

41240.0

40997.0

40734.0

41004.0

40965.0

40973.0

40979.0

40950.0

40817.0

41098.0

40848.0

40976.0

40847.0

40910.0

40938.0

41025.0

41121.0

41016.0

40906.0

40818.0

40787.0

40638.0

40181.0

40243.0

40208.0

40415.0

40668.0

40572.0

40366.0

40406.0

40382.0

40512.0

40582.0

40433.0

40266.0

40299.0

40080.0

40022.0

40132.0

40279.0

40278.0

40474.0

40548.0

40554.0

41134.0

40834.0

40876.0

41034.0

40779.0

40958.0

40820.0

40808.0

40889.0

40836.0

41063.0

40850.0

40829.0

40726.0

40650.0

40602.0

40541.0

40631.0

40788.0

40620.0

40579.0

40683.0

40587.0

40529.0

40898.0

40843.0

40775.0

40889.0

41003.0

40958.0

40855.0

40865.0

40782.0

40836.0

40801.0

40875.0

41537.0

41673.0

41862.0

42773.0

42566.0

42605.0

42429.0

42631.0

42740.0

42850.0

42921.0

42939.0

42772.0

42878.0

42769.0

42879.0

42861.0

42954.0

42896.0

42888.0

42804.0

42801.0

42707.0

42616.0

42597.0

42657.0

42586.0

42617.0

42698.0

42635.0

42713.0

42715.0

42701.0

42751.0

42810.0

42724.0

42830.0

42898.0

43059.0

43083.0

43033.0

43095.0

43198.0

43191.0

43312.0

43279.0

43177.0

43284.0

43150.0

43367.0

43669.0

43722.0

43650.0

43630.0

43454.0

43435.0

43331.0

43466.0

43527.0

43415.0

43376.0

43136.0

43238.0

43218.0

43211.0

43262.0

43353.0

43203.0

43397.0

43333.0

43456.0

43652.0

43568.0

43751.0

43686.0

43761.0

43767.0

43695.0

43671.0

43482.0

43684.0

43679.0

43792.0

44231.0

44381.0

44238.0

43626.0

43387.0

43402.0

43572.0

43356.0

43378.0

43469.0

43582.0

43534.0

43466.0

43572.0

43513.0

43376.0

42917.0

42774.0

43351.0

43632.0

43608.0

43466.0

43351.0

43422.0

43358.0

43447.0

43538.0

43634.0

43696.0

43611.0

43632.0

43612.0

43828.0

43906.0

43921.0

43954.0

44090.0

44173.0

44167.0

44099.0

43862.0

43987.0

44109.0

43991.0

44190.0

44276.0

44381.0

44601.0

44501.0

44654.0

44289.0

44440.0

44370.0

44150.0

43984.0

44013.0

44044.0

43938.0

44036.0

44054.0

44038.0

44244.0

44177.0

44297.0

44288.0

44400.0

44361.0

44253.0

44292.0

44481.0

44597.0

44699.0

44783.0

44904.0

45039.0

45102.0

45102.0

45186.0

45017.0

44983.0

44964.0

44779.0

44727.0

44691.0

44672.0

44662.0

44748.0

44688.0

44701.0

44332.0

44377.0

44432.0

44496.0

44523.0

44615.0

44526.0

44551.0

44778.0

44818.0

45012.0

44983.0

44914.0

44800.0

44683.0

44639.0

44511.0

44360.0

44166.0

44108.0

44142.0

44130.0

44144.0

44084.0

44242.0

44044.0

43758.0

43695.0

43830.0

43856.0

43841.0

43729.0

43713.0

43815.0

43737.0

43580.0

43491.0

43829.0

43584.0

43771.0

44096.0

43819.0

44010.0

43953.0

43988.0

44157.0

44173.0

44375.0

44421.0

44318.0

44375.0

44452.0

44149.0

44116.0

43840.0

43751.0

43486.0

43333.0

43257.0

43072.0

43143.0

43309.0

43192.0

43202.0

43334.0

43349.0

43480.0

43450.0

43411.0

43484.0

43588.0

43485.0

43363.0

43556.0

43534.0

43715.0

43706.0

43588.0

43489.0

43462.0

43417.0

43515.0

43512.0

43601.0

43490.0

43561.0

43718.0

43809.0

43695.0

43826.0

43833.0

43737.0

44575.0

44666.0

44921.0

45141.0

44882.0

45189.0

45535.0

45581.0

45626.0

45588.0

45927.0

45708.0

45715.0

45720.0

45693.0

45703.0

45810.0

45828.0

45507.0

45996.0

46000.0

45730.0

45618.0

45779.0

45942.0

45967.0

45987.0

46067.0

45908.0

45788.0

45911.0

45894.0

45851.0

45848.0

45893.0

45910.0

45982.0

46211.0

46307.0

46258.0

46302.0

46209.0

46063.0

46224.0

46378.0

45773.0

45670.0

45597.0

45196.0

45663.0

45787.0

