29710.0

29713.0

29782.0

29804.0

29929.0

29908.0

29910.0

29835.0

29856.0

29828.0

29729.0

29725.0

29729.0

29718.0

29714.0

29802.0

29813.0

29833.0

29824.0

29867.0

29904.0

29884.0

29885.0

29984.0

29991.0

29940.0

29909.0

29812.0

29725.0

29765.0

29755.0

29721.0

29704.0

29619.0

29635.0

29717.0

29802.0

29857.0

29841.0

29850.0

29717.0

29657.0

29693.0

29659.0

29744.0

29768.0

29838.0

29840.0

29840.0

29901.0

29862.0

29896.0

29908.0

29918.0

29940.0

30288.0

30645.0

30705.0

30701.0

30653.0

30743.0

30785.0

30744.0

30824.0

30822.0

30872.0

30923.0

30890.0

30884.0

30855.0

30875.0

30822.0

30862.0

30888.0

30910.0

30867.0

30890.0

30937.0

31410.0

31505.0

31477.0

31440.0

31434.0

31507.0

31541.0

31558.0

31641.0

31655.0

31619.0

31582.0

31554.0

31578.0

31581.0

31592.0

31616.0

31774.0

31716.0

31819.0

31893.0

31895.0

31925.0

31884.0

31987.0

32025.0

32103.0

32366.0

32228.0

32065.0

32079.0

32118.0

32229.0

32578.0

32303.0

32161.0

31953.0

31790.0

31837.0

31819.0

31738.0

31708.0

31727.0

31702.0

31908.0

31820.0

31810.0

31962.0

31907.0

31957.0

32156.0

32068.0

32154.0

32105.0

32126.0

32230.0

32189.0

32264.0

32405.0

32311.0

32178.0

32099.0

32140.0

32048.0

32060.0

31979.0

32018.0

31936.0

31954.0

32095.0

32024.0

31979.0

31995.0

32066.0

32229.0

32172.0

32108.0

32062.0

32043.0

32020.0

31970.0

32125.0

32103.0

32090.0

32066.0

32294.0

32319.0

32235.0

32194.0

32182.0

32285.0

32241.0

32189.0

32140.0

32199.0

31852.0

31950.0

31955.0

31923.0

31984.0

31940.0

31840.0

31860.0

31923.0

31961.0

31933.0

31863.0

32175.0

32224.0

32242.0

32193.0

32153.0

32127.0

32131.0

32179.0

32212.0

32313.0

32270.0

32411.0

32442.0

32551.0

32460.0

32368.0

32414.0

32404.0

32500.0

32460.0

32424.0

32465.0

32432.0

32331.0

32301.0

32326.0

32328.0

32323.0

32390.0

32430.0

32338.0

32320.0

32363.0

32299.0

32287.0

32304.0

32459.0

32230.0

32264.0

32199.0

32240.0

32251.0

32287.0

32330.0

32368.0

32348.0

32295.0

32355.0

32340.0

32397.0

32430.0

32428.0

32689.0

32753.0

32737.0

32658.0

32686.0

32682.0

32635.0

32617.0

32577.0

32622.0

32680.0

32704.0

32711.0

32727.0

32781.0

32772.0

32763.0

32704.0

32595.0

32629.0

32667.0

32636.0

32542.0

32473.0

32492.0

32511.0

32523.0

32506.0

32522.0

32401.0

32461.0

32519.0

32471.0

32412.0

32356.0

32327.0

32401.0

32367.0

32463.0

32482.0

32423.0

32360.0

32330.0

32413.0

32402.0

32478.0

32456.0

32481.0

32491.0

32594.0

32567.0

32560.0

32511.0

32512.0

32466.0

32439.0

32424.0

32318.0

32195.0

32184.0

32232.0

32201.0

32148.0

32166.0

32191.0

32215.0

32236.0

32279.0

32203.0

32203.0

32229.0

32255.0

32295.0

32314.0

32456.0

32443.0

32491.0

32517.0

32582.0

32645.0

32674.0

32683.0

32771.0

32900.0

33151.0

33229.0

33253.0

33416.0

33510.0

33590.0

33536.0

33606.0

33668.0

33610.0

33594.0

33525.0

33599.0

33667.0

33723.0

33713.0

33714.0

33684.0

33629.0

33635.0

33645.0

33726.0

33706.0

33738.0

33787.0

33722.0

33694.0

33732.0

33777.0

33807.0

33807.0

33848.0

33914.0

33932.0

33894.0

33844.0

33857.0

33837.0

33749.0

33777.0

33674.0

33712.0

33714.0

33769.0

33864.0

33887.0

33868.0

33934.0

33970.0

33940.0

33934.0

33822.0

33857.0

33898.0

33877.0

33856.0

33867.0

33913.0

33948.0

33933.0

33882.0

33851.0

33835.0

33868.0

33915.0

33930.0

33986.0

34009.0

33940.0

33936.0

33954.0

34226.0

34306.0

34477.0

34492.0

34394.0

34306.0

34370.0

34467.0

34383.0

34385.0

34340.0

34315.0

34190.0

34129.0

33973.0

33976.0

33839.0

33919.0

33967.0

33988.0

33954.0

34009.0

34151.0

34018.0

33986.0

34044.0

34076.0

34015.0

34106.0

34186.0

34303.0

34424.0

34274.0

34086.0

34055.0

34133.0

34031.0

34052.0

33966.0

34030.0

34142.0

34128.0

34228.0

34332.0

34344.0

34276.0

34220.0

34250.0

34328.0

34466.0

34400.0

34465.0

34361.0

34370.0

34354.0

34429.0

34450.0

34479.0

34496.0

34609.0

34709.0

34786.0

34743.0

34790.0

34739.0

34639.0

34599.0

34573.0

34467.0

34459.0

34545.0

34608.0

34563.0

34477.0

34404.0

34482.0

34411.0

34418.0

34432.0

34335.0

34368.0

34305.0

34331.0

34307.0

34134.0

34194.0

34225.0

34103.0

33981.0

34002.0

34196.0

34162.0

34123.0

34231.0

34219.0

34225.0

34230.0

34177.0

34249.0

34333.0

34424.0

34437.0

34457.0

34469.0

34463.0

34432.0

34418.0

34398.0

34516.0

34420.0

34377.0

34444.0

34412.0

34437.0

34465.0

34508.0

34571.0

34570.0

34539.0

34542.0

34576.0

34589.0

34724.0

34712.0

34958.0

35228.0

35375.0

35676.0

35781.0

35976.0

37764.0

37916.0

38075.0

38416.0

38216.0

38137.0

38332.0

38374.0

38110.0

38146.0

38160.0

38188.0

38300.0

38348.0

38332.0

38476.0

38330.0

38365.0

38423.0

38504.0

38569.0

38767.0

39059.0

38839.0

38720.0

38791.0

38544.0

38179.0

38104.0

37988.0

38072.0

38107.0

38281.0

38309.0

38281.0

38182.0

38273.0

38254.0

38267.0

38441.0

38589.0

38559.0

38500.0

38483.0

38476.0

38561.0

38794.0

38749.0

38409.0

38162.0

38284.0

38351.0

38420.0

38466.0

38403.0

38274.0

38348.0

38323.0

38406.0

38603.0

38633.0

38768.0

39176.0

39275.0

39067.0

38930.0

39198.0

39365.0

39236.0

39445.0

39664.0

39786.0

39732.0

40176.0

40344.0

39875.0

39554.0

38476.0

37916.0

38062.0

37677.0

37735.0

37639.0

36970.0

37183.0

37285.0

37029.0

37140.0

37577.0

37549.0

37584.0

37435.0

37325.0

37150.0

37401.0

37355.0

37415.0

37210.0

37072.0

36902.0

36922.0

37047.0

37064.0

36735.0

36630.0

36601.0

36714.0

36767.0

36854.0

36995.0

36900.0

36872.0

36995.0

36981.0

37203.0

37090.0

37173.0

37216.0

37306.0

37257.0

37049.0

37111.0

37148.0

37082.0

37135.0

37220.0

37384.0

37270.0

37266.0

37288.0

37302.0

37436.0

37400.0

37339.0

37427.0

37599.0

37656.0

37580.0

37653.0

37856.0

38039.0

37928.0

38012.0

38310.0

38377.0

38343.0

38439.0

38677.0

38499.0

37875.0

38209.0

38114.0

38294.0

38431.0

38209.0

38169.0

38206.0

37912.0

37879.0

37803.0

37673.0

37742.0

37800.0

37825.0

37686.0

37611.0

37900.0

37925.0

37937.0

37945.0

38035.0

38083.0

38013.0

37994.0

38087.0

38069.0

38034.0

38246.0

38392.0

38349.0

38274.0

38274.0

38476.0

39061.0

39093.0

39073.0

39016.0

39069.0

39347.0

39258.0

39172.0

39093.0

39089.0

39253.0

39294.0

39637.0

39801.0

40080.0

39908.0

39937.0

39729.0

39818.0

40115.0

39889.0

39922.0

39793.0

39734.0

39782.0

39816.0

39983.0

40006.0

40110.0

40132.0

39933.0

39841.0

39525.0

39651.0

39705.0

39712.0

39880.0

39838.0

39792.0

39670.0

39524.0

39604.0

39738.0

39804.0

39804.0

39935.0

40156.0

40120.0

40190.0

40255.0

40369.0

40648.0

40703.0

40643.0

40687.0

40652.0

39978.0

39826.0

39803.0

39685.0

39602.0

39607.0

39769.0

39716.0

39651.0

39509.0

39591.0

39620.0

39788.0

39696.0

39829.0

39912.0

39820.0

40116.0

40182.0

39821.0

39241.0

39006.0

39356.0

39578.0

40185.0

40414.0

40425.0

40117.0

40405.0

40369.0

40141.0

40024.0

40020.0

40085.0

39986.0

39948.0

40080.0

40145.0

40158.0

40050.0

39968.0

39772.0

39756.0

39882.0

39907.0

40027.0

40123.0

39954.0

39782.0

39643.0

39601.0

39430.0

39590.0

39683.0

39810.0

39830.0

39927.0

39780.0

39757.0

39631.0

39665.0

39687.0

39743.0

39978.0

40084.0

40005.0

39857.0

39809.0

40153.0

40173.0

40158.0

40110.0

40109.0

39991.0

40055.0

40058.0

40048.0

39932.0

39853.0

39895.0

40015.0

39963.0

40110.0

40127.0

40267.0

40430.0

40361.0

40389.0

40217.0

40207.0

40220.0

40203.0

39776.0

39824.0

39657.0

39718.0

39691.0

39725.0

39870.0

39930.0

39876.0

39899.0

39940.0

39776.0

39869.0

39953.0

40064.0

40042.0

39947.0

39992.0

39893.0

39909.0

39851.0

39765.0

39824.0

39756.0

39746.0

39691.0

39672.0

39547.0

39503.0

39555.0

39621.0

39544.0

39546.0

39718.0

39694.0

39757.0

39801.0

39738.0

39736.0

39644.0

39597.0

39575.0

39714.0

39756.0

39803.0

39811.0

39926.0

40307.0

40146.0

40025.0

39899.0

40088.0

40007.0

39946.0

40011.0

39967.0

40045.0

40111.0

40211.0

40153.0

40130.0

40001.0

40032.0

40092.0

40069.0

40005.0

39919.0

39907.0

39798.0

39806.0

39760.0

39703.0

39761.0

39742.0

39699.0

39799.0

39798.0

39844.0

39865.0

39835.0

39860.0

39731.0

39714.0

39734.0

39098.0

38781.0

38646.0

38449.0

38566.0

38770.0

38691.0

38749.0

38886.0

38926.0

38852.0

38893.0

38837.0

38749.0

38841.0

38822.0

38843.0

38772.0

38770.0

38847.0

38955.0

38960.0

39068.0

39034.0

39031.0

39062.0

38995.0

39073.0

39101.0

39111.0

39035.0

39100.0

39041.0

39004.0

39052.0

39036.0

39059.0

39052.0

39022.0

39164.0

39136.0

39123.0

39170.0

39365.0

39319.0

39650.0

40023.0

40211.0

40286.0

40807.0

40970.0

40906.0

41396.0

41171.0

41231.0

41162.0

41193.0

41422.0

41504.0

41430.0

41646.0

42188.0

41984.0

41915.0

41756.0

41922.0

41847.0

41796.0

41908.0

41941.0

41942.0

42107.0

41976.0

41992.0

42034.0

41867.0

41843.0

41832.0

41665.0

41752.0

41692.0

41803.0

41733.0

41597.0

41482.0

41646.0

41588.0

41448.0

41491.0

41526.0

41620.0

41539.0

41567.0

41563.0

41685.0

41652.0

41741.0

41737.0

41784.0

41739.0

41618.0

41648.0

41689.0

41774.0

41852.0

41788.0

41807.0

41629.0

41622.0

41614.0

41643.0

41640.0

41553.0

41629.0

41609.0

41468.0

41483.0

41391.0

41377.0

41411.0

41365.0

41376.0

41540.0

41491.0

41520.0

41556.0

41583.0

41431.0

41376.0

41347.0

41356.0

41264.0

41277.0

41210.0

41221.0

41378.0

41405.0

41422.0

41347.0

41428.0

41366.0

41328.0

41247.0

41365.0

41704.0

41544.0

41658.0

41706.0

41828.0

41955.0

41798.0

41810.0

41873.0

41888.0

41919.0

41843.0

41810.0

41638.0

41481.0

41627.0

41687.0

41747.0

41845.0

41762.0

41761.0

41734.0

41727.0

41722.0

41738.0

41829.0

41965.0

42215.0

42333.0

42467.0

42389.0

42283.0

42247.0

42131.0

41843.0

41888.0

41927.0

41846.0

41782.0

41786.0

41727.0

41755.0

41766.0

41765.0

41816.0

41714.0

41776.0

41774.0

41757.0

41756.0

41859.0

41896.0

41870.0

41907.0

41803.0

41719.0

41719.0

41522.0

41476.0

41447.0

41595.0

41597.0

41723.0

41688.0

41737.0

41647.0

41549.0

41490.0

41478.0

41468.0

41503.0

41440.0

41381.0

41380.0

41389.0

41516.0

41461.0

41304.0

41173.0

40896.0

40906.0

41277.0

41191.0

41024.0

40992.0

41049.0

41051.0

41161.0

41200.0

41070.0

40939.0

41225.0

41458.0

41321.0

41474.0

41334.0

41215.0

41333.0

41177.0

41207.0

41120.0

41124.0

41136.0

40670.0

40251.0

40320.0

40385.0

39848.0

39895.0

40031.0

40061.0

39944.0

39669.0

39590.0

39667.0

39551.0

39746.0

39701.0

39633.0

39688.0

39747.0

39873.0

39862.0

39804.0

39779.0

39846.0

39752.0

39814.0

39762.0

39716.0

39747.0

39680.0

39818.0

39772.0

39705.0

39747.0

39936.0

40286.0

40345.0

40234.0

40095.0

40111.0

39970.0

39774.0

39647.0

39597.0

39549.0

39575.0

39549.0

39632.0

39669.0

39659.0

39756.0

39752.0

39547.0

39598.0

39567.0

39578.0

39336.0

39258.0

39300.0

39346.0

39239.0

39357.0

39492.0

39598.0

39675.0

39627.0

39614.0

39648.0

39764.0

39768.0

39723.0

39773.0

39785.0

39955.0

39809.0

39812.0

39735.0

39783.0

39783.0

39733.0

39661.0

39711.0

39720.0

39690.0

39717.0

39550.0

39443.0

39222.0

38934.0

39088.0

38864.0

38896.0

39011.0

38896.0

39260.0

39279.0

39305.0

39487.0

39448.0

39474.0

39496.0

39388.0

39408.0

39227.0

38926.0

39256.0

39619.0

39395.0

39204.0

39075.0

39042.0

38932.0

39011.0

39062.0

39018.0

39017.0

38991.0

38844.0

38675.0

38693.0

38703.0

38800.0

38648.0

38445.0

38197.0

38280.0

38273.0

38328.0

38418.0

38445.0

38418.0

38445.0

38449.0

38613.0

38634.0

38622.0

38489.0

38676.0

38604.0

38605.0

38490.0

38619.0

38561.0

38645.0

38633.0

38629.0

38767.0

38736.0

38687.0

38682.0

38533.0

38543.0

38265.0

38290.0

38354.0

38455.0

38526.0

38463.0

38609.0

38543.0

38527.0

38615.0

38563.0

38325.0

38191.0

38089.0

38215.0

38223.0

38077.0

38146.0

38259.0

38459.0

38455.0

38308.0

38230.0

38095.0

37978.0

37964.0

38081.0

38213.0

38229.0

38337.0

38296.0

38076.0

38006.0

38131.0

38049.0

38134.0

38205.0

38276.0

38263.0

38358.0

38416.0

38525.0

38411.0

38338.0

38536.0

38418.0

38382.0

38192.0

38119.0

38126.0

38265.0

38481.0

38474.0

38532.0

38452.0

38392.0

38324.0

38215.0

38228.0

38136.0

38109.0

37999.0

38068.0

38038.0

37936.0

37908.0

37985.0

38049.0

38183.0

38225.0

38125.0

38048.0

37916.0

37950.0

38132.0

37877.0

37854.0

37812.0

37792.0

37845.0

37940.0

37766.0

37733.0

37784.0

37838.0

37840.0

37876.0

37859.0

37825.0

37864.0

37938.0

38091.0

38162.0

38164.0

38205.0

38190.0

38394.0

38494.0

38525.0

38846.0

38914.0

39128.0

39219.0

39070.0

39069.0

39155.0

39066.0

39158.0

39469.0

39328.0

39332.0

39323.0

39508.0

39387.0

39550.0

39526.0

39418.0

39402.0

39387.0

39396.0

39717.0

39697.0

39626.0

39606.0

39663.0

39748.0

39700.0

39777.0

39776.0

39788.0

39697.0

39720.0

39895.0

39807.0

39860.0

39853.0

39945.0

39934.0

39841.0

39726.0

39715.0

39843.0

39804.0

39775.0

39845.0

39725.0

39746.0

39616.0

39422.0

39324.0

39403.0

39552.0

39472.0

39389.0

39353.0

39403.0

39467.0

39398.0

39399.0

39489.0

39529.0

39499.0

39441.0

39414.0

39479.0

39489.0

39409.0

39394.0

39352.0

39231.0

39088.0

39140.0

39030.0

38897.0

38895.0

38894.0

38956.0

38942.0

38833.0

38554.0

38620.0

38256.0

38184.0

38069.0

38238.0

38177.0

38056.0

38038.0

38237.0

38214.0

38101.0

38078.0

38145.0

37995.0

37873.0

37952.0

37855.0

37839.0

37898.0

37932.0

38314.0

38442.0

38830.0

38965.0

39271.0

39333.0

39035.0

39012.0

39294.0

39227.0

39473.0

39783.0

40132.0

40304.0

40428.0

40644.0

40551.0

40848.0

40880.0

40980.0

41281.0

41160.0

40802.0

40915.0

40967.0

40991.0

40927.0

40964.0

40855.0

40994.0

40897.0

40951.0

40939.0

40896.0

40958.0

40996.0

41059.0

41016.0

40915.0

40893.0

40825.0

40592.0

40392.0

40184.0

40134.0

40285.0

40510.0

40603.0

40405.0

40433.0

40362.0

40463.0

40557.0

40444.0

40281.0

40297.0

40137.0

40015.0

40093.0

40239.0

40277.0

40404.0

40492.0

40543.0

40965.0

40915.0

40830.0

41063.0

40863.0

40922.0

40880.0

40779.0

40917.0

40848.0

41030.0

40920.0

40876.0

40796.0

40663.0

40664.0

40556.0

40571.0

40764.0

40653.0

40630.0

40690.0

40628.0

40522.0

40881.0

40919.0

40759.0

40834.0

40960.0

40979.0

40896.0

40874.0

40815.0

40785.0

40857.0

40814.0

40952.0

41638.0

41810.0

42117.0

42780.0

42589.0

42508.0

42519.0

42615.0

42881.0

42987.0

42897.0

42793.0

42809.0

42876.0

42809.0

42899.0

42884.0

42964.0

42870.0

42853.0

42611.0

42781.0

42702.0

42613.0

42627.0

42643.0

42491.0

42630.0

42718.0

42636.0

42745.0

42715.0

42742.0

42812.0

42823.0

42838.0

42792.0

42935.0

43223.0

42940.0

43024.0

43137.0

43259.0

43215.0

43346.0

43265.0

43285.0

43298.0

43227.0

43328.0

43736.0

43871.0

43644.0

43594.0

43380.0

43372.0

43410.0

43607.0

43441.0

43504.0

43396.0

43200.0

43287.0

43153.0

43161.0

43234.0

43285.0

43337.0

43380.0

43391.0

43470.0

43540.0

43588.0

43741.0

43668.0

43809.0

43741.0

43672.0

43668.0

43506.0

43704.0

43754.0

43847.0

44339.0

44427.0

43924.0

43541.0

43344.0

43634.0

43475.0

43314.0

43403.0

43504.0

43572.0

43531.0

43596.0

43606.0

43510.0

43390.0

43027.0

42811.0

43459.0

43661.0

43569.0

43454.0

43433.0

43422.0

43412.0

43534.0

43555.0

43624.0

43713.0

43664.0

43542.0

43891.0

43756.0

43928.0

43980.0

43944.0

44136.0

44284.0

44095.0

43769.0

43808.0

43983.0

44116.0

44042.0

44189.0

44275.0

44491.0

44590.0

44695.0

44358.0

44320.0

44628.0

44284.0

44195.0

43981.0

44049.0

44005.0

43894.0

43988.0

43951.0

44094.0

44261.0

44160.0

44298.0

44384.0

44459.0

44284.0

44295.0

44429.0

44501.0

44685.0

44749.0

44729.0

45035.0

45176.0

45031.0

45125.0

45136.0

44959.0

44886.0

44965.0

44785.0

44713.0

44544.0

44748.0

44701.0

44727.0

44712.0

44623.0

44419.0

44303.0

44431.0

44434.0

44472.0

44542.0

44507.0

44623.0

44867.0

44842.0

45068.0

44938.0

44832.0

44732.0

44714.0

44686.0

44510.0

44170.0

44012.0

44072.0

44019.0

44090.0

44016.0

44278.0

44213.0

44020.0

43811.0

43653.0

43792.0

43907.0

43751.0

43777.0

43784.0

43737.0

43631.0

43441.0

43717.0

43771.0

43686.0

43901.0

43954.0

43795.0

43902.0

43927.0

44113.0

44170.0

44233.0

44479.0

44378.0

44315.0

44320.0

44407.0

44166.0

43833.0

43838.0

43491.0

43503.0

43219.0

43279.0

42933.0

43170.0

43164.0

43150.0

43266.0

43296.0

43368.0

43489.0

43414.0

43437.0

43591.0

43546.0

43441.0

43437.0

43582.0

43602.0

43710.0

43649.0

43588.0

43571.0

43502.0

43390.0

43502.0

43511.0

43621.0

43457.0

43657.0

43791.0

43739.0

43691.0

43777.0

43797.0

44090.0

44610.0

44668.0

44902.0

45142.0

44974.0

45536.0

45607.0

45769.0

45757.0

45700.0

45889.0

45728.0

45763.0

45679.0

45693.0

45747.0

45850.0

45805.0

45416.0

45995.0

45915.0

45774.0

45682.0

45865.0

45959.0

45918.0

45946.0

45816.0

45804.0

45815.0

45884.0

45840.0

45850.0

45865.0

45872.0

45927.0

46004.0

46360.0

46221.0

46354.0

46333.0

46195.0

45986.0

46245.0

46340.0

45880.0

45556.0

45406.0

45233.0

45929.0

