29710.0

29782.0

29929.0

29910.0

29856.0

29729.0

29729.0

29714.0

29813.0

29824.0

29904.0

29885.0

29991.0

29909.0

29725.0

29755.0

29704.0

29635.0

29802.0

29841.0

29717.0

29693.0

29744.0

29838.0

29840.0

29862.0

29908.0

29940.0

30645.0

30701.0

30743.0

30744.0

30822.0

30923.0

30884.0

30875.0

30862.0

30910.0

30890.0

31410.0

31477.0

31434.0

31541.0

31641.0

31619.0

31554.0

31581.0

31616.0

31716.0

31893.0

31925.0

31987.0

32103.0

32228.0

32079.0

32229.0

32303.0

31953.0

31837.0

31738.0

31727.0

31908.0

31810.0

31907.0

32156.0

32154.0

32126.0

32189.0

32405.0

32178.0

32140.0

32060.0

32018.0

31954.0

32024.0

31995.0

32229.0

32108.0

32043.0

31970.0

32103.0

32066.0

32319.0

32194.0

32285.0

32189.0

32199.0

31950.0

31923.0

31940.0

31860.0

31961.0

31863.0

32224.0

32193.0

32127.0

32179.0

32313.0

32411.0

32551.0

32368.0

32404.0

32460.0

32465.0

32331.0

32326.0

32323.0

32430.0

32320.0

32299.0

32304.0

32230.0

32199.0

32251.0

32330.0

32348.0

32355.0

32397.0

32428.0

32753.0

32658.0

32682.0

32617.0

32622.0

32704.0

32727.0

32772.0

32704.0

32629.0

32636.0

32473.0

32511.0

32506.0

32401.0

32519.0

32412.0

32327.0

32367.0

32482.0

32360.0

32413.0

32478.0

32481.0

32594.0

32560.0

32512.0

32439.0

32318.0

32184.0

32201.0

32166.0

32215.0

32279.0

32203.0

32255.0

32314.0

32443.0

32517.0

32645.0

32683.0

32900.0

33229.0

33416.0

33590.0

33606.0

33610.0

33525.0

33667.0

33713.0

33684.0

33635.0

33726.0

33738.0

33722.0

33732.0

33807.0

33848.0

33932.0

33844.0

33837.0

33777.0

33712.0

33769.0

33887.0

33934.0

33940.0

33822.0

33898.0

33856.0

33913.0

33933.0

33851.0

33868.0

33930.0

34009.0

33936.0

34226.0

34477.0

34394.0

34370.0

34383.0

34340.0

34190.0

33973.0

33839.0

33967.0

33954.0

34151.0

33986.0

34076.0

34106.0

34303.0

34274.0

34055.0

34031.0

33966.0

34142.0

34228.0

34344.0

34220.0

34328.0

34400.0

34361.0

34354.0

34450.0

34496.0

34709.0

34743.0

34739.0

34599.0

34467.0

34545.0

34563.0

34404.0

34411.0

34432.0

34368.0

34331.0

34134.0

34225.0

33981.0

34196.0

34123.0

34219.0

34230.0

34249.0

34424.0

34457.0

34463.0

34418.0

34516.0

34377.0

34412.0

34465.0

34571.0

34539.0

34576.0

34724.0

34958.0

35375.0

35781.0

37764.0

38075.0

38216.0

38332.0

38110.0

38160.0

38300.0

38332.0

38330.0

38423.0

38569.0

39059.0

38720.0

38544.0

38104.0

38072.0

38281.0

38281.0

38273.0

38267.0

38589.0

38500.0

38476.0

38794.0

38409.0

38284.0

38420.0

38403.0

38348.0

38406.0

38633.0

39176.0

39067.0

39198.0

39236.0

39664.0

39732.0

40344.0

39554.0

37916.0

37677.0

37639.0

37183.0

37029.0

37577.0

37584.0

37325.0

37401.0

37415.0

37072.0

36922.0

37064.0

36630.0

36714.0

36854.0

36900.0

36995.0

37203.0

37173.0

37306.0

37049.0

37148.0

37135.0

37384.0

37266.0

37302.0

37400.0

37427.0

37656.0

37653.0

38039.0

38012.0

38377.0

38439.0

38499.0

38209.0

38294.0

38209.0

38206.0

37879.0

37673.0

37800.0

37686.0

37900.0

37937.0

38035.0

38013.0

38087.0

38034.0

38392.0

38274.0

38476.0

39093.0

39016.0

39347.0

39172.0

39089.0

39294.0

39801.0

39908.0

39729.0

40115.0

39922.0

39734.0

39816.0

40006.0

40132.0

39841.0

39651.0

39712.0

39838.0

39670.0

39604.0

39804.0

39935.0

40120.0

40255.0

40648.0

40643.0

40652.0

39826.0

39685.0

39607.0

39716.0

39509.0

39620.0

39696.0

39912.0

40116.0

39821.0

39006.0

39578.0

40414.0

40117.0

40369.0

40024.0

40085.0

39948.0

40145.0

40050.0

39772.0

39882.0

40027.0

39954.0

39643.0

39430.0

39683.0

39830.0

39780.0

39631.0

39687.0

39978.0

40005.0

39809.0

40173.0

40110.0

39991.0

40058.0

39932.0

39895.0

39963.0

40127.0

40430.0

40389.0

40207.0

40203.0

39824.0

39718.0

39725.0

39930.0

39899.0

39776.0

39953.0

40042.0

39992.0

39909.0

39765.0

39756.0

39691.0

39547.0

39555.0

39544.0

39718.0

39757.0

39738.0

39644.0

39575.0

39756.0

39811.0

40307.0

40025.0

40088.0

39946.0

39967.0

40111.0

40153.0

40001.0

40092.0

40005.0

39907.0

39806.0

39703.0

39742.0

39799.0

39844.0

39835.0

39731.0

39734.0

38781.0

38449.0

38770.0

38749.0

38926.0

38893.0

38749.0

38822.0

38772.0

38847.0

38960.0

39034.0

39062.0

39073.0

39111.0

39100.0

39004.0

39036.0

39052.0

39164.0

39123.0

39365.0

39650.0

40211.0

40807.0

40906.0

41171.0

41162.0

41422.0

41430.0

42188.0

41915.0

41922.0

41796.0

41941.0

42107.0

41992.0

41867.0

41832.0

41752.0

41803.0

41597.0

41646.0

41448.0

41526.0

41539.0

41563.0

41652.0

41737.0

41739.0

41648.0

41774.0

41788.0

41629.0

41614.0

41640.0

41629.0

41468.0

41391.0

41411.0

41376.0

41491.0

41556.0

41431.0

41347.0

41264.0

41210.0

41378.0

41422.0

41428.0

41328.0

41365.0

41544.0

41706.0

41955.0

41810.0

41888.0

41843.0

41638.0

41627.0

41747.0

41762.0

41734.0

41722.0

41829.0

42215.0

42467.0

42283.0

42131.0

41888.0

41846.0

41786.0

41755.0

41765.0

41714.0

41774.0

41756.0

41896.0

41907.0

41719.0

41522.0

41447.0

41597.0

41688.0

41647.0

41490.0

41468.0

41440.0

41380.0

41516.0

41304.0

40896.0

41277.0

41024.0

41049.0

41161.0

41070.0

41225.0

41321.0

41334.0

41333.0

41207.0

41124.0

40670.0

40320.0

39848.0

40031.0

39944.0

39590.0

39551.0

39701.0

39688.0

39873.0

39804.0

39846.0

39814.0

39716.0

39680.0

39772.0

39747.0

40286.0

40234.0

40111.0

39774.0

39597.0

39575.0

39632.0

39659.0

39752.0

39598.0

39578.0

39258.0

39346.0

39357.0

39598.0

39627.0

39648.0

39768.0

39773.0

39955.0

39812.0

39783.0

39733.0

39711.0

39690.0

39550.0

39222.0

39088.0

38896.0

38896.0

39279.0

39487.0

39474.0

39388.0

39227.0

39256.0

39395.0

39075.0

38932.0

39062.0

39017.0

38844.0

38693.0

38800.0

38445.0

38280.0

38328.0

38445.0

38445.0

38613.0

38622.0

38676.0

38605.0

38619.0

38645.0

38629.0

38736.0

38682.0

38543.0

38290.0

38455.0

38463.0

38543.0

38615.0

38325.0

38089.0

38223.0

38146.0

38459.0

38308.0

38095.0

37964.0

38213.0

38337.0

38076.0

38131.0

38134.0

38276.0

38358.0

38525.0

38338.0

38418.0

38192.0

38126.0

38481.0

38532.0

38392.0

38215.0

38136.0

37999.0

38038.0

37908.0

38049.0

38225.0

38048.0

37950.0

37877.0

37812.0

37845.0

37766.0

37784.0

37840.0

37859.0

37864.0

38091.0

38164.0

38190.0

38494.0

38846.0

39128.0

39070.0

39155.0

39158.0

39328.0

39323.0

39387.0

39526.0

39402.0

39396.0

39697.0

39606.0

39748.0

39777.0

39788.0

39720.0

39807.0

39853.0

39934.0

39726.0

39843.0

39775.0

39725.0

39616.0

39324.0

39552.0

39389.0

39403.0

39398.0

39489.0

39499.0

39414.0

39489.0

39394.0

39231.0

39140.0

38897.0

38894.0

38942.0

38554.0

38256.0

38069.0

38177.0

38038.0

38214.0

38078.0

37995.0

37952.0

37839.0

37932.0

38442.0

38965.0

39333.0

39012.0

39227.0

39783.0

40304.0

40644.0

40848.0

40980.0

41160.0

40915.0

40991.0

40964.0

40994.0

40951.0

40896.0

40996.0

41016.0

40893.0

40592.0

40184.0

40285.0

40603.0

40433.0

40463.0

40444.0

40297.0

40015.0

40239.0

40404.0

40543.0

40915.0

41063.0

40922.0

40779.0

40848.0

40920.0

40796.0

40664.0

40571.0

40653.0

40690.0

40522.0

40919.0

40834.0

40979.0

40874.0

40785.0

40814.0

41638.0

42117.0

42589.0

42519.0

42881.0

42897.0

42809.0

42809.0

42884.0

42870.0

42611.0

42702.0

42627.0

42491.0

42718.0

42745.0

42742.0

42823.0

42792.0

43223.0

43024.0

43259.0

43346.0

43285.0

43227.0

43736.0

43644.0

43380.0

43410.0

43441.0

43396.0

43287.0

43161.0

43285.0

43380.0

43470.0

43588.0

43668.0

43741.0

43668.0

43704.0

43847.0

44427.0

43541.0

43634.0

43314.0

43504.0

43531.0

43606.0

43390.0

42811.0

43661.0

43454.0

43422.0

43534.0

43624.0

43664.0

43891.0

43928.0

43944.0

44284.0

43769.0

43983.0

44042.0

44275.0

44590.0

44358.0

44628.0

44195.0

44049.0

43894.0

43951.0

44261.0

44298.0

44459.0

44295.0

44501.0

44749.0

45035.0

45031.0

45136.0

44886.0

44785.0

44544.0

44701.0

44712.0

44419.0

44431.0

44472.0

44507.0

44867.0

45068.0

44832.0

44714.0

44510.0

44012.0

44019.0

44016.0

44213.0

43811.0

43792.0

43751.0

43784.0

43631.0

43717.0

43686.0

43954.0

43902.0

44113.0

44233.0

44378.0

44320.0

44166.0

43838.0

43503.0

43279.0

43170.0

43150.0

43296.0

43489.0

43437.0

43546.0

43437.0

43602.0

43649.0

43571.0

43390.0

43511.0

43457.0

43791.0

43691.0

43797.0

44610.0

44902.0

44974.0

45607.0

45757.0

45889.0

45763.0

45693.0

45850.0

45416.0

45915.0

45682.0

45959.0

45946.0

45804.0

45884.0

45850.0

45872.0

46004.0

46221.0

46333.0

45986.0

46340.0

45556.0

45233.0

