29706.0

29787.0

29957.0

29922.0

29863.0

29706.0

29718.0

29723.0

29808.0

29811.0

29899.0

29871.0

29991.0

29905.0

29692.0

29761.0

29720.0

29642.0

29817.0

29815.0

29705.0

29701.0

29760.0

29843.0

29846.0

29856.0

29912.0

29950.0

30682.0

30702.0

30729.0

30739.0

30820.0

30922.0

30871.0

30890.0

30870.0

30941.0

30882.0

31375.0

31481.0

31425.0

31541.0

31594.0

31625.0

31552.0

31568.0

31593.0

31692.0

31885.0

31919.0

31941.0

32219.0

32027.0

32074.0

32218.0

32156.0

32017.0

31799.0

31724.0

31672.0

31846.0

31815.0

31908.0

32095.0

32114.0

32168.0

32094.0

32348.0

32107.0

32106.0

32010.0

31951.0

31956.0

32008.0

31998.0

32242.0

32134.0

32055.0

32016.0

32071.0

32093.0

32274.0

32162.0

32260.0

32195.0

32111.0

31949.0

31933.0

31921.0

31862.0

31946.0

31934.0

32226.0

32183.0

32121.0

32132.0

32315.0

32379.0

32571.0

32405.0

32440.0

32455.0

32380.0

32314.0

32336.0

32321.0

32394.0

32320.0

32293.0

32310.0

32263.0

32223.0

32221.0

32333.0

32404.0

32307.0

32388.0

32475.0

32742.0

32631.0

32663.0

32621.0

32626.0

32753.0

32755.0

32830.0

32655.0

32656.0

32628.0

32490.0

32505.0

32535.0

32408.0

32486.0

32373.0

32326.0

32451.0

32431.0

32363.0

32437.0

32480.0

32492.0

32608.0

32574.0

32517.0

32431.0

32311.0

32178.0

32206.0

32145.0

32221.0

32282.0

32201.0

32257.0

32286.0

32440.0

32520.0

32640.0

32657.0

32863.0

33256.0

33429.0

33583.0

33590.0

33617.0

33518.0

33663.0

33708.0

33679.0

33634.0

33754.0

33737.0

33726.0

33731.0

33793.0

33841.0

33945.0

33837.0

33841.0

33795.0

33709.0

33770.0

33889.0

33944.0

33943.0

33816.0

33899.0

33846.0

33888.0

33929.0

33854.0

33870.0

33941.0

33964.0

33983.0

34252.0

34451.0

34402.0

34394.0

34410.0

34308.0

34174.0

33966.0

33925.0

33956.0

33982.0

34110.0

33990.0

34055.0

34124.0

34305.0

34203.0

34015.0

34060.0

33985.0

34182.0

34277.0

34306.0

34233.0

34375.0

34449.0

34330.0

34352.0

34456.0

34533.0

34771.0

34750.0

34693.0

34636.0

34494.0

34522.0

34548.0

34428.0

34406.0

34338.0

34411.0

34354.0

34162.0

34170.0

33989.0

34251.0

34122.0

34230.0

34229.0

34256.0

34419.0

34479.0

34456.0

34466.0

34554.0

34353.0

34404.0

34463.0

34579.0

34530.0

34597.0

34742.0

34934.0

35353.0

35808.0

38311.0

38024.0

38266.0

38263.0

38089.0

38132.0

38346.0

38290.0

38328.0

38391.0

38570.0

39143.0

38738.0

38588.0

38157.0

38129.0

38308.0

38264.0

38292.0

38250.0

38615.0

38481.0

38492.0

38824.0

38315.0

38239.0

38447.0

38395.0

38334.0

38477.0

38617.0

39179.0

38925.0

39193.0

39297.0

39606.0

39737.0

40211.0

38921.0

38103.0

37505.0

37540.0

37321.0

37146.0

37580.0

37582.0

37226.0

37364.0

37391.0

37092.0

36966.0

36932.0

36494.0

36728.0

36773.0

36844.0

37039.0

37162.0

37126.0

37285.0

37079.0

37042.0

37077.0

37390.0

37298.0

37276.0

37374.0

37542.0

37634.0

37662.0

37966.0

38151.0

38433.0

38465.0

38259.0

38310.0

38275.0

38199.0

38183.0

37869.0

37675.0

37841.0

37720.0

37968.0

37907.0

38109.0

38043.0

38047.0

38028.0

38442.0

38258.0

38458.0

38984.0

38990.0

39398.0

39197.0

39023.0

39281.0

39733.0

39889.0

39648.0

40219.0

39984.0

39735.0

39851.0

39983.0

40165.0

39844.0

39662.0

39664.0

39829.0

39646.0

39584.0

39805.0

39885.0

40092.0

40204.0

40751.0

40613.0

40715.0

39823.0

39606.0

39570.0

39688.0

39513.0

39677.0

39653.0

39836.0

40065.0

39545.0

39148.0

39629.0

40532.0

40255.0

40340.0

39858.0

39955.0

39973.0

40062.0

39977.0

39754.0

39949.0

39957.0

39887.0

39585.0

39508.0

39738.0

39884.0

39769.0

39614.0

39679.0

39975.0

39961.0

39907.0

40183.0

40134.0

40051.0

40075.0

39979.0

39896.0

40004.0

40175.0

40365.0

40337.0

40163.0

40171.0

39680.0

39693.0

39686.0

39953.0

39891.0

39819.0

39959.0

40020.0

39927.0

39877.0

39730.0

39735.0

39642.0

39514.0

39555.0

39557.0

39723.0

39773.0

39755.0

39661.0

39578.0

39770.0

39936.0

40253.0

39995.0

40040.0

39915.0

39990.0

40179.0

40142.0

39996.0

40040.0

39988.0

39935.0

39811.0

39724.0

39750.0

39828.0

39851.0

39854.0

39712.0

39696.0

38679.0

38539.0

38777.0

38792.0

38904.0

38954.0

38739.0

38821.0

38814.0

38824.0

38931.0

39027.0

39016.0

39073.0

39080.0

39082.0

38994.0

39045.0

39066.0

39160.0

39131.0

39352.0

39776.0

40239.0

40734.0

41055.0

41234.0

41246.0

41415.0

41565.0

42116.0

41912.0

41961.0

41836.0

41940.0

42071.0

42027.0

41835.0

41815.0

41737.0

41788.0

41357.0

41636.0

41440.0

41594.0

41551.0

41600.0

41759.0

41710.0

41673.0

41688.0

41758.0

41780.0

41672.0

41549.0

41613.0

41654.0

41488.0

41354.0

41476.0

41350.0

41484.0

41536.0

41380.0

41316.0

41282.0

41220.0

41400.0

41383.0

41485.0

41310.0

41436.0

41627.0

41748.0

41816.0

41829.0

41881.0

41888.0

41364.0

41603.0

41739.0

41758.0

41725.0

41725.0

41906.0

42215.0

42374.0

42297.0

42138.0

41896.0

41771.0

41824.0

41761.0

41785.0

41735.0

41763.0

41774.0

41899.0

41861.0

41709.0

41560.0

41505.0

41617.0

41696.0

41599.0

41517.0

41468.0

41394.0

41321.0

41504.0

41283.0

40887.0

41325.0

41027.0

41049.0

41167.0

41056.0

41381.0

41383.0

41288.0

41272.0

41301.0

41137.0

40397.0

40347.0

39889.0

39991.0

39917.0

39451.0

39713.0

39735.0

39692.0

39906.0

39768.0

39798.0

39829.0

39742.0

39714.0

39748.0

39749.0

40245.0

40176.0

40111.0

39704.0

39551.0

39546.0

39613.0

39751.0

39681.0

39625.0

39643.0

39191.0

39291.0

39379.0

39697.0

39647.0

39690.0

39805.0

39721.0

39900.0

39855.0

39815.0

39733.0

39775.0

39712.0

39499.0

39210.0

38974.0

38957.0

38964.0

39263.0

39503.0

39497.0

39430.0

39095.0

39471.0

39286.0

39131.0

38930.0

39030.0

38967.0

38862.0

38674.0

38787.0

38260.0

38322.0

38321.0

38374.0

38425.0

38639.0

38533.0

38667.0

38551.0

38579.0

38689.0

38623.0

38773.0

38577.0

38083.0

38206.0

38510.0

38507.0

38527.0

38679.0

38361.0

38145.0

38233.0

38236.0

38538.0

38332.0

38111.0

38042.0

38200.0

38316.0

38065.0

38179.0

38148.0

38399.0

38385.0

38535.0

38564.0

38389.0

38206.0

38160.0

38445.0

38568.0

38439.0

38186.0

38151.0

38086.0

38009.0

37946.0

38050.0

38238.0

37987.0

37960.0

37854.0

37808.0

37856.0

37765.0

37742.0

37804.0

37904.0

37946.0

38173.0

38193.0

38293.0

38448.0

38895.0

39108.0

39050.0

39091.0

39228.0

39289.0

39387.0

39431.0

39385.0

39474.0

39503.0

39602.0

39575.0

39706.0

39827.0

39732.0

39842.0

39799.0

39909.0

39931.0

39674.0

39904.0

39708.0

39707.0

39520.0

39373.0

39502.0

39438.0

39486.0

39360.0

39451.0

39429.0

39400.0

39459.0

39358.0

39220.0

39051.0

38857.0

38854.0

38878.0

38562.0

38221.0

38115.0

38034.0

38052.0

38205.0

38042.0

37977.0

38163.0

37934.0

37964.0

38420.0

38957.0

39340.0

38930.0

39133.0

39822.0

40274.0

40669.0

40885.0

40940.0

41218.0

41019.0

41024.0

40987.0

40986.0

40943.0

40915.0

41009.0

40984.0

40959.0

40571.0

40211.0

40257.0

40597.0

40468.0

40463.0

40424.0

40327.0

40005.0

40285.0

40421.0

40521.0

40882.0

41078.0

40954.0

40709.0

40835.0

40915.0

40847.0

40706.0

40512.0

40599.0

40739.0

40478.0

40917.0

40834.0

40971.0

40861.0

40767.0

40852.0

41685.0

42591.0

42511.0

42578.0

42913.0

42874.0

42869.0

42840.0

42930.0

42934.0

42800.0

42694.0

42630.0

42548.0

42636.0

42698.0

42785.0

42791.0

42832.0

43117.0

43039.0

43170.0

43312.0

43277.0

43320.0

43694.0

43636.0

43398.0

43412.0

43389.0

43258.0

43287.0

43225.0

43225.0

43341.0

43569.0

43690.0

43636.0

43654.0

43586.0

43717.0

43901.0

44367.0

43312.0

43646.0

43349.0

43447.0

43401.0

43574.0

43243.0

42903.0

43648.0

43387.0

43339.0

43568.0

43633.0

43617.0

43908.0

43915.0

44102.0

44291.0

43846.0

44019.0

44122.0

44381.0

44474.0

44355.0

44511.0

44084.0

44023.0

44024.0

43986.0

44256.0

44349.0

44380.0

44271.0

44469.0

44901.0

44972.0

45004.0

44918.0

44891.0

44739.0

44607.0

44813.0

44786.0

44405.0

44502.0

44641.0

44580.0

44848.0

45101.0

44805.0

44722.0

44338.0

44011.0

43973.0

43958.0

44098.0

43746.0

43870.0

43667.0

43886.0

43603.0

43832.0

43696.0

43899.0

43995.0

44107.0

44275.0

44315.0

44374.0

44193.0

43957.0

43429.0

43154.0

43255.0

43212.0

43279.0

43462.0

43498.0

43579.0

43532.0

43633.0

43657.0

43617.0

43424.0

43626.0

43478.0

43847.0

43752.0

43743.0

44585.0

45085.0

45125.0

45656.0

45597.0

45860.0

45754.0

45816.0

45870.0

45495.0

45750.0

45773.0

45889.0

45948.0

45825.0

45923.0

45845.0

45902.0

46109.0

46207.0

46263.0

46150.0

45721.0

45613.0

45378.0

