29555.0

29695.0

29791.0

29907.0

29827.0

29830.0

29719.0

29711.0

29817.0

29835.0

29869.0

29886.0

29981.0

29938.0

29818.0

29761.0

29725.0

29610.0

29724.0

29866.0

29864.0

29654.0

29625.0

29763.0

29836.0

29900.0

29915.0

29903.0

30434.0

30724.0

30660.0

30792.0

30842.0

30861.0

30880.0

30855.0

30826.0

30879.0

30865.0

30947.0

31503.0

31445.0

31490.0

31554.0

31650.0

31587.0

31574.0

31596.0

31774.0

31855.0

31912.0

31934.0

32089.0

32306.0

32162.0

32230.0

32589.0

32221.0

31937.0

31773.0

31752.0

31774.0

31802.0

31941.0

31968.0

32125.0

32155.0

32249.0

32291.0

32269.0

32083.0

32094.0

31996.0

31926.0

32067.0

32018.0

32151.0

32154.0

32020.0

31968.0

32100.0

32078.0

32282.0

32213.0

32245.0

32207.0

32147.0

31916.0

31925.0

32004.0

31826.0

31993.0

31898.0

32137.0

32229.0

32150.0

32150.0

32186.0

32276.0

32472.0

32436.0

32437.0

32496.0

32438.0

32385.0

32321.0

32358.0

32366.0

32356.0

32354.0

32315.0

32406.0

32232.0

32254.0

32304.0

32368.0

32315.0

32364.0

32409.0

32644.0

32716.0

32668.0

32663.0

32585.0

32687.0

32694.0

32753.0

32693.0

32612.0

32649.0

32545.0

32522.0

32549.0

32518.0

32472.0

32428.0

32359.0

32390.0

32497.0

32403.0

32360.0

32427.0

32453.0

32566.0

32550.0

32518.0

32467.0

32428.0

32188.0

32241.0

32156.0

32185.0

32224.0

32185.0

32246.0

32303.0

32465.0

32493.0

32575.0

32670.0

32760.0

33098.0

33232.0

33529.0

33528.0

33649.0

33607.0

33588.0

33707.0

33735.0

33643.0

33638.0

33715.0

33812.0

33689.0

33792.0

33805.0

33937.0

33888.0

33863.0

33752.0

33667.0

33709.0

33863.0

33887.0

33961.0

33936.0

33839.0

33878.0

33873.0

33959.0

33867.0

33837.0

33942.0

33991.0

33934.0

34056.0

34370.0

34473.0

34327.0

34458.0

34353.0

34302.0

33944.0

33953.0

33957.0

33962.0

34140.0

33981.0

34058.0

34063.0

34254.0

34433.0

33993.0

34097.0

34019.0

34090.0

34182.0

34299.0

34257.0

34185.0

34440.0

34469.0

34351.0

34492.0

34475.0

34672.0

34807.0

34760.0

34572.0

34487.0

34471.0

34578.0

34368.0

34490.0

34449.0

34356.0

34316.0

34260.0

34213.0

34117.0

33968.0

34173.0

34257.0

34224.0

34150.0

34308.0

34440.0

34475.0

34432.0

34404.0

34409.0

34466.0

34423.0

34501.0

34569.0

34551.0

34587.0

34659.0

35241.0

35662.0

35925.0

37764.0

38352.0

38182.0

38373.0

38145.0

38165.0

38330.0

38489.0

38357.0

38529.0

38720.0

38894.0

38829.0

38193.0

37980.0

38130.0

38315.0

38154.0

38238.0

38439.0

38567.0

38464.0

38560.0

38736.0

38126.0

38361.0

38470.0

38323.0

38367.0

38589.0

38748.0

39106.0

39025.0

39328.0

39540.0

39869.0

40204.0

39792.0

38515.0

38132.0

37647.0

37244.0

37081.0

37254.0

37636.0

37342.0

37186.0

37338.0

37083.0

37057.0

37106.0

36764.0

36627.0

36888.0

37015.0

37037.0

37068.0

37119.0

37228.0

37154.0

37198.0

37040.0

37268.0

37329.0

37228.0

37446.0

37320.0

37566.0

37625.0

37896.0

37903.0

38381.0

38323.0

38635.0

37890.0

38094.0

38418.0

38210.0

37931.0

37753.0

37757.0

37838.0

37638.0

37930.0

37905.0

38086.0

38018.0

38056.0

38236.0

38338.0

38255.0

39064.0

39067.0

39015.0

39254.0

39071.0

39287.0

39670.0

40132.0

39913.0

39764.0

39866.0

39819.0

39772.0

39990.0

40100.0

39920.0

39501.0

39671.0

39911.0

39766.0

39537.0

39703.0

39836.0

40158.0

40199.0

40360.0

40722.0

40776.0

39996.0

39816.0

39542.0

39773.0

39679.0

39583.0

39810.0

39837.0

39923.0

40181.0

39282.0

39615.0

40374.0

40404.0

40409.0

40156.0

40116.0

39968.0

40097.0

40123.0

39784.0

39957.0

40014.0

40155.0

39761.0

39529.0

39666.0

39808.0

39928.0

39740.0

39681.0

39847.0

40112.0

39847.0

40127.0

40138.0

40122.0

40055.0

40020.0

39903.0

40035.0

40141.0

40579.0

40460.0

40173.0

40165.0

39750.0

39676.0

39735.0

39878.0

39869.0

39863.0

39885.0

39978.0

39959.0

39917.0

39796.0

39823.0

39779.0

39649.0

39521.0

39612.0

39603.0

39671.0

39741.0

39700.0

39615.0

39757.0

39823.0

40167.0

39993.0

40040.0

39944.0

40010.0

40093.0

40189.0

40089.0

40065.0

40018.0

39919.0

39807.0

39735.0

39729.0

39683.0

39780.0

39892.0

39818.0

39721.0

38995.0

38664.0

38610.0

38647.0

38922.0

38857.0

38850.0

38797.0

38863.0

38810.0

38933.0

39090.0

39075.0

39050.0

39101.0

39016.0

39023.0

39051.0

39071.0

39139.0

39127.0

39269.0

39325.0

40106.0

40429.0

40919.0

41435.0

41123.0

41255.0

41443.0

41838.0

42041.0

41886.0

41911.0

41916.0

42064.0

41975.0

41885.0

41899.0

41756.0

41748.0

41728.0

41507.0

41547.0

41492.0

41601.0

41607.0

41639.0

41758.0

41821.0

41647.0

41657.0

41859.0

41572.0

41644.0

41677.0

41580.0

41548.0

41478.0

41483.0

41344.0

41536.0

41611.0

41539.0

41376.0

41344.0

41241.0

41295.0

41421.0

41314.0

41349.0

41246.0

41649.0

41722.0

41833.0

41724.0

41878.0

41944.0

41837.0

41536.0

41742.0

41856.0

41761.0

41693.0

41777.0

41966.0

42300.0

42387.0

42285.0

41880.0

41884.0

41797.0

41745.0

41695.0

41789.0

41788.0

41696.0

41904.0

41882.0

41787.0

41707.0

41453.0

41559.0

41725.0

41679.0

41499.0

41480.0

41499.0

41350.0

41387.0

41382.0

41023.0

41081.0

41121.0

41074.0

41119.0

41183.0

40916.0

41466.0

41495.0

41308.0

41105.0

41158.0

41066.0

40205.0

40346.0

39888.0

40031.0

39694.0

39673.0

39785.0

39639.0

39769.0

39825.0

39834.0

39716.0

39758.0

39753.0

39830.0

39715.0

40156.0

40270.0

40126.0

39948.0

39632.0

39675.0

39538.0

39633.0

39814.0

39541.0

39563.0

39277.0

39335.0

39291.0

39499.0

39665.0

39622.0

39780.0

39761.0

39856.0

39730.0

39737.0

39765.0

39655.0

39691.0

39634.0

39344.0

38900.0

38846.0

39001.0

39286.0

39378.0

39447.0

39427.0

39328.0

38985.0

39665.0

39154.0

38989.0

39020.0

39073.0

38935.0

38638.0

38765.0

38653.0

38215.0

38333.0

38423.0

38440.0

38526.0

38572.0

38539.0

38650.0

38501.0

38559.0

38647.0

38782.0

38720.0

38568.0

38408.0

38409.0

38453.0

38629.0

38535.0

38483.0

38156.0

38131.0

38181.0

38318.0

38363.0

38203.0

37964.0

38107.0

38216.0

38292.0

38000.0

38076.0

38220.0

38346.0

38395.0

38317.0

38527.0

38351.0

38122.0

38333.0

38534.0

38461.0

38262.0

38162.0

38086.0

38057.0

37968.0

38062.0

38215.0

38138.0

37940.0

38118.0

37813.0

37827.0

37945.0

37740.0

37803.0

37859.0

37802.0

37927.0

38118.0

38168.0

38364.0

38556.0

38856.0

39194.0

39157.0

39125.0

39404.0

39359.0

39470.0

39548.0

39455.0

39440.0

39643.0

39685.0

39747.0

39678.0

39728.0

39668.0

39877.0

39889.0

39910.0

39846.0

39754.0

39727.0

39756.0

39750.0

39476.0

39369.0

39437.0

39357.0

39397.0

39415.0

39516.0

39402.0

39489.0

39389.0

39270.0

39092.0

39055.0

38843.0

38941.0

38774.0

38466.0

38133.0

38191.0

38068.0

38230.0

38118.0

38041.0

37568.0

37815.0

37799.0

38480.0

38881.0

39255.0

39094.0

39354.0

39417.0

40213.0

40394.0

40496.0

40877.0

41306.0

40736.0

40992.0

40886.0

40820.0

40848.0

40980.0

41004.0

41037.0

40871.0

40888.0

40385.0

40105.0

40489.0

40369.0

40371.0

40569.0

40242.0

40130.0

40043.0

40250.0

40447.0

41084.0

40759.0

40863.0

40854.0

40946.0

41074.0

40865.0

40653.0

40574.0

40801.0

40653.0

40644.0

40956.0

40798.0

40952.0

40888.0

40808.0

40878.0

41365.0

41816.0

42745.0

42363.0

42709.0

43058.0

42819.0

42780.0

42987.0

42889.0

42812.0

42719.0

42544.0

42636.0

42759.0

42631.0

42627.0

42796.0

42808.0

42968.0

42948.0

43174.0

43227.0

43160.0

43174.0

43554.0

43794.0

43489.0

43394.0

43560.0

43470.0

43226.0

43174.0

43381.0

43374.0

43449.0

43635.0

43737.0

43850.0

43713.0

43549.0

43722.0

44292.0

43693.0

43406.0

43354.0

43481.0

43521.0

43592.0

43415.0

42963.0

43643.0

43442.0

43483.0

43435.0

43619.0

43619.0

43521.0

43820.0

43971.0

44224.0

44070.0

43878.0

44044.0

44208.0

44430.0

44556.0

44367.0

44194.0

44072.0

43960.0

44000.0

44202.0

44255.0

44396.0

44229.0

44378.0

44740.0

44783.0

45225.0

45215.0

44890.0

44816.0

44734.0

44704.0

44727.0

44496.0

44342.0

44318.0

44535.0

44644.0

44889.0

44908.0

44707.0

44595.0

44237.0

44106.0

44116.0

44253.0

43925.0

43690.0

43884.0

43785.0

43771.0

43418.0

43603.0

44226.0

43825.0

44000.0

44143.0

44528.0

44364.0

44386.0

43846.0

43465.0

43167.0

43052.0

43168.0

43274.0

43492.0

43391.0

43591.0

43397.0

43593.0

43666.0

43516.0

43400.0

43447.0

43510.0

43725.0

43717.0

43850.0

44441.0

44844.0

45019.0

45527.0

45725.0

45705.0

45630.0

45725.0

45719.0

45733.0

45994.0

45725.0

45956.0

45939.0

45844.0

45868.0

45829.0

45832.0

45978.0

46402.0

46337.0

46198.0

46387.0

45672.0

45206.0

45823.0

