29681.0

29789.0

29950.0

29878.0

29846.0

29710.0

29731.0

29714.0

29812.0

29816.0

29894.0

29925.0

29976.0

29908.0

29712.0

29740.0

29675.0

29658.0

29851.0

29856.0

29676.0

29731.0

29768.0

29855.0

29866.0

29859.0

29923.0

29965.0

30666.0

30682.0

30773.0

30739.0

30808.0

30909.0

30871.0

30861.0

30879.0

30903.0

30931.0

31536.0

31451.0

31448.0

31575.0

31695.0

31595.0

31584.0

31598.0

31701.0

31714.0

31917.0

31914.0

31981.0

32380.0

31997.0

32090.0

32244.0

32168.0

31965.0

31829.0

31719.0

31645.0

31810.0

31977.0

31887.0

32080.0

32132.0

32184.0

32180.0

32312.0

32092.0

32054.0

32031.0

31913.0

31965.0

31982.0

32060.0

32200.0

32095.0

32048.0

32091.0

32069.0

32237.0

32247.0

32173.0

32246.0

32158.0

31913.0

31971.0

31931.0

31891.0

31908.0

31938.0

32083.0

32246.0

32162.0

32122.0

32231.0

32301.0

32372.0

32502.0

32389.0

32469.0

32459.0

32364.0

32301.0

32338.0

32380.0

32368.0

32325.0

32307.0

32336.0

32258.0

32228.0

32255.0

32354.0

32344.0

32318.0

32404.0

32620.0

32744.0

32671.0

32646.0

32591.0

32631.0

32750.0

32758.0

32841.0

32609.0

32672.0

32535.0

32503.0

32510.0

32503.0

32452.0

32465.0

32423.0

32347.0

32479.0

32448.0

32324.0

32413.0

32449.0

32495.0

32576.0

32523.0

32492.0

32442.0

32278.0

32196.0

32168.0

32184.0

32200.0

32256.0

32218.0

32262.0

32335.0

32474.0

32517.0

32637.0

32697.0

33043.0

33244.0

33496.0

33574.0

33665.0

33593.0

33527.0

33677.0

33697.0

33653.0

33648.0

33714.0

33770.0

33686.0

33739.0

33816.0

33853.0

33923.0

33834.0

33797.0

33756.0

33734.0

33809.0

33874.0

33955.0

33928.0

33827.0

33874.0

33842.0

33960.0

33926.0

33835.0

33891.0

33960.0

33978.0

33956.0

34262.0

34486.0

34379.0

34426.0

34391.0

34302.0

34162.0

33981.0

33923.0

33981.0

33987.0

34081.0

34019.0

34040.0

34138.0

34349.0

34181.0

34098.0

34067.0

34022.0

34121.0

34289.0

34288.0

34275.0

34413.0

34449.0

34354.0

34396.0

34444.0

34565.0

34770.0

34774.0

34665.0

34604.0

34502.0

34593.0

34507.0

34447.0

34399.0

34314.0

34363.0

34370.0

34175.0

34102.0

34010.0

34216.0

34182.0

34218.0

34243.0

34263.0

34415.0

34428.0

34463.0

34349.0

34552.0

34388.0

34403.0

34463.0

34578.0

34507.0

34594.0

34798.0

35065.0

35392.0

35810.0

38413.0

38248.0

38094.0

38430.0

38113.0

38176.0

38275.0

38348.0

38307.0

38445.0

38557.0

38979.0

38756.0

38341.0

37955.0

38041.0

38330.0

38258.0

38295.0

38345.0

38598.0

38524.0

38437.0

38839.0

38241.0

38274.0

38445.0

38336.0

38304.0

38538.0

38646.0

39343.0

38882.0

39288.0

39421.0

39706.0

39998.0

40007.0

38694.0

38112.0

37692.0

37128.0

37352.0

37225.0

37465.0

37511.0

37442.0

37262.0

37298.0

36892.0

37029.0

36915.0

36529.0

36733.0

36805.0

36864.0

37035.0

37137.0

37206.0

37232.0

37108.0

37058.0

37168.0

37328.0

37308.0

37356.0

37355.0

37539.0

37613.0

37816.0

37866.0

38279.0

38358.0

38671.0

37983.0

38309.0

38367.0

38113.0

38200.0

37981.0

37666.0

37794.0

37539.0

37984.0

37990.0

38050.0

38076.0

38140.0

38057.0

38406.0

38251.0

38670.0

39043.0

38966.0

39236.0

39148.0

39118.0

39370.0

39844.0

39921.0

39671.0

40134.0

39916.0

39685.0

39859.0

40005.0

40099.0

39854.0

39743.0

39706.0

39806.0

39639.0

39707.0

39811.0

40047.0

40106.0

40313.0

40740.0

40561.0

40573.0

39908.0

39665.0

39622.0

39657.0

39529.0

39723.0

39748.0

39808.0

40170.0

39379.0

39250.0

39799.0

40391.0

40401.0

40118.0

39965.0

40077.0

40081.0

40166.0

39980.0

39824.0

39893.0

39964.0

39803.0

39686.0

39587.0

39811.0

39926.0

39816.0

39695.0

39766.0

40023.0

39935.0

39991.0

40190.0

40139.0

40061.0

40031.0

39893.0

39922.0

40024.0

40188.0

40359.0

40285.0

40205.0

39987.0

39664.0

39638.0

39765.0

39840.0

39930.0

39786.0

40053.0

39964.0

39944.0

39857.0

39742.0

39717.0

39673.0

39527.0

39528.0

39561.0

39709.0

39826.0

39758.0

39618.0

39654.0

39782.0

39944.0

40165.0

39902.0

40048.0

39958.0

40021.0

40197.0

40110.0

40030.0

40020.0

39941.0

39858.0

39814.0

39779.0

39723.0

39814.0

39837.0

39878.0

39684.0

39663.0

38627.0

38537.0

38737.0

38773.0

38883.0

38940.0

38781.0

38844.0

38752.0

38905.0

39040.0

38997.0

38993.0

39081.0

39043.0

39055.0

39028.0

39037.0

39009.0

39169.0

39129.0

39347.0

39847.0

40256.0

40782.0

41257.0

41267.0

41250.0

41424.0

41621.0

41855.0

41753.0

41939.0

41880.0

41925.0

42046.0

42086.0

41823.0

41690.0

41758.0

41763.0

41486.0

41609.0

41480.0

41588.0

41539.0

41702.0

41729.0

41688.0

41647.0

41692.0

41828.0

41780.0

41572.0

41559.0

41588.0

41609.0

41454.0

41278.0

41422.0

41446.0

41474.0

41537.0

41382.0

41335.0

41229.0

41180.0

41401.0

41355.0

41434.0

41279.0

41661.0

41656.0

41812.0

41803.0

41847.0

41920.0

41847.0

41513.0

41652.0

41844.0

41744.0

41726.0

41688.0

41907.0

42277.0

42352.0

42253.0

42104.0

41941.0

41734.0

41760.0

41802.0

41801.0

41788.0

41774.0

41869.0

41871.0

41806.0

41707.0

41563.0

41562.0

41675.0

41768.0

41596.0

41482.0

41515.0

41385.0

41349.0

41477.0

41204.0

40894.0

41236.0

41021.0

41093.0

41210.0

41048.0

41453.0

41425.0

41192.0

41181.0

41290.0

41179.0

40297.0

40430.0

39945.0

40022.0

39831.0

39597.0

39742.0

39735.0

39751.0

39897.0

39770.0

39764.0

39791.0

39756.0

39762.0

39741.0

39764.0

40360.0

40135.0

40038.0

39645.0

39510.0

39527.0

39612.0

39751.0

39564.0

39571.0

39612.0

39275.0

39253.0

39500.0

39725.0

39616.0

39733.0

39793.0

39785.0

39831.0

39827.0

39795.0

39734.0

39733.0

39754.0

39419.0

38986.0

38869.0

38975.0

39119.0

39260.0

39457.0

39541.0

39414.0

38944.0

39639.0

39170.0

39091.0

38957.0

39069.0

38979.0

38741.0

38650.0

38689.0

38224.0

38354.0

38400.0

38387.0

38467.0

38661.0

38549.0

38603.0

38558.0

38579.0

38662.0

38624.0

38745.0

38520.0

37996.0

38239.0

38520.0

38523.0

38579.0

38624.0

38261.0

38297.0

38177.0

38235.0

38512.0

38340.0

37942.0

38044.0

38200.0

38302.0

38013.0

38101.0

38149.0

38350.0

38371.0

38481.0

38571.0

38421.0

38181.0

38259.0

38458.0

38535.0

38422.0

38250.0

38128.0

38106.0

37974.0

37919.0

38096.0

38168.0

37914.0

38108.0

37881.0

37796.0

37875.0

37778.0

37758.0

37819.0

37885.0

37957.0

38241.0

38217.0

38386.0

38459.0

38865.0

39160.0

38976.0

39031.0

39355.0

39343.0

39341.0

39507.0

39425.0

39394.0

39714.0

39642.0

39619.0

39639.0

39841.0

39736.0

39876.0

39849.0

39951.0

39858.0

39665.0

39864.0

39799.0

39740.0

39416.0

39380.0

39446.0

39384.0

39539.0

39424.0

39520.0

39405.0

39465.0

39430.0

39380.0

39166.0

39074.0

38943.0

38830.0

38854.0

38623.0

38170.0

38192.0

38027.0

38106.0

38162.0

38144.0

38003.0

37995.0

37957.0

38285.0

38490.0

38975.0

39334.0

39279.0

39244.0

39758.0

40363.0

40599.0

40874.0

41103.0

40997.0

41004.0

40973.0

40950.0

41098.0

40976.0

40910.0

41025.0

41016.0

40818.0

40638.0

40243.0

40415.0

40572.0

40406.0

40512.0

40433.0

40299.0

40022.0

40279.0

40474.0

40554.0

40834.0

41034.0

40958.0

40808.0

40836.0

40850.0

40726.0

40602.0

40631.0

40620.0

40683.0

40529.0

40843.0

40889.0

40958.0

40865.0

40836.0

40875.0

41673.0

42773.0

42605.0

42631.0

42850.0

42939.0

42878.0

42879.0

42954.0

42888.0

42801.0

42616.0

42657.0

42617.0

42635.0

42715.0

42751.0

42724.0

42898.0

43083.0

43095.0

43191.0

43279.0

43284.0

43367.0

43722.0

43630.0

43435.0

43466.0

43415.0

43136.0

43218.0

43262.0

43203.0

43333.0

43652.0

43751.0

43761.0

43695.0

43482.0

43679.0

44231.0

44238.0

43387.0

43572.0

43378.0

43582.0

43466.0

43513.0

42917.0

43351.0

43608.0

43351.0

43358.0

43538.0

43696.0

43632.0

43828.0

43921.0

44090.0

44167.0

43862.0

44109.0

44190.0

44381.0

44501.0

44289.0

44370.0

43984.0

44044.0

44036.0

44038.0

44177.0

44288.0

44361.0

44292.0

44597.0

44783.0

45039.0

45102.0

45017.0

44964.0

44727.0

44672.0

44748.0

44701.0

44377.0

44496.0

44615.0

44551.0

44818.0

44983.0

44800.0

44639.0

44360.0

44108.0

44130.0

44084.0

44044.0

43695.0

43856.0

43729.0

43815.0

43580.0

43829.0

43771.0

43819.0

43953.0

44157.0

44375.0

44318.0

44452.0

44116.0

43751.0

43333.0

43072.0

43309.0

43202.0

43349.0

43450.0

43484.0

43485.0

43556.0

43715.0

43588.0

43462.0

43515.0

43601.0

43561.0

43809.0

43826.0

43737.0

44666.0

45141.0

45189.0

45581.0

45588.0

45708.0

45720.0

45703.0

45828.0

45996.0

45730.0

45779.0

45967.0

46067.0

45788.0

45894.0

45848.0

45910.0

46211.0

46258.0

46209.0

46224.0

45773.0

45597.0

45663.0

