29713.0

29804.0

29908.0

29835.0

29828.0

29725.0

29718.0

29802.0

29833.0

29867.0

29884.0

29984.0

29940.0

29812.0

29765.0

29721.0

29619.0

29717.0

29857.0

29850.0

29657.0

29659.0

29768.0

29840.0

29901.0

29896.0

29918.0

30288.0

30705.0

30653.0

30785.0

30824.0

30872.0

30890.0

30855.0

30822.0

30888.0

30867.0

30937.0

31505.0

31440.0

31507.0

31558.0

31655.0

31582.0

31578.0

31592.0

31774.0

31819.0

31895.0

31884.0

32025.0

32366.0

32065.0

32118.0

32578.0

32161.0

31790.0

31819.0

31708.0

31702.0

31820.0

31962.0

31957.0

32068.0

32105.0

32230.0

32264.0

32311.0

32099.0

32048.0

31979.0

31936.0

32095.0

31979.0

32066.0

32172.0

32062.0

32020.0

32125.0

32090.0

32294.0

32235.0

32182.0

32241.0

32140.0

31852.0

31955.0

31984.0

31840.0

31923.0

31933.0

32175.0

32242.0

32153.0

32131.0

32212.0

32270.0

32442.0

32460.0

32414.0

32500.0

32424.0

32432.0

32301.0

32328.0

32390.0

32338.0

32363.0

32287.0

32459.0

32264.0

32240.0

32287.0

32368.0

32295.0

32340.0

32430.0

32689.0

32737.0

32686.0

32635.0

32577.0

32680.0

32711.0

32781.0

32763.0

32595.0

32667.0

32542.0

32492.0

32523.0

32522.0

32461.0

32471.0

32356.0

32401.0

32463.0

32423.0

32330.0

32402.0

32456.0

32491.0

32567.0

32511.0

32466.0

32424.0

32195.0

32232.0

32148.0

32191.0

32236.0

32203.0

32229.0

32295.0

32456.0

32491.0

32582.0

32674.0

32771.0

33151.0

33253.0

33510.0

33536.0

33668.0

33594.0

33599.0

33723.0

33714.0

33629.0

33645.0

33706.0

33787.0

33694.0

33777.0

33807.0

33914.0

33894.0

33857.0

33749.0

33674.0

33714.0

33864.0

33868.0

33970.0

33934.0

33857.0

33877.0

33867.0

33948.0

33882.0

33835.0

33915.0

33986.0

33940.0

33954.0

34306.0

34492.0

34306.0

34467.0

34385.0

34315.0

34129.0

33976.0

33919.0

33988.0

34009.0

34018.0

34044.0

34015.0

34186.0

34424.0

34086.0

34133.0

34052.0

34030.0

34128.0

34332.0

34276.0

34250.0

34466.0

34465.0

34370.0

34429.0

34479.0

34609.0

34786.0

34790.0

34639.0

34573.0

34459.0

34608.0

34477.0

34482.0

34418.0

34335.0

34305.0

34307.0

34194.0

34103.0

34002.0

34162.0

34231.0

34225.0

34177.0

34333.0

34437.0

34469.0

34432.0

34398.0

34420.0

34444.0

34437.0

34508.0

34570.0

34542.0

34589.0

34712.0

35228.0

35676.0

35976.0

37916.0

38416.0

38137.0

38374.0

38146.0

38188.0

38348.0

38476.0

38365.0

38504.0

38767.0

38839.0

38791.0

38179.0

37988.0

38107.0

38309.0

38182.0

38254.0

38441.0

38559.0

38483.0

38561.0

38749.0

38162.0

38351.0

38466.0

38274.0

38323.0

38603.0

38768.0

39275.0

38930.0

39365.0

39445.0

39786.0

40176.0

39875.0

38476.0

38062.0

37735.0

36970.0

37285.0

37140.0

37549.0

37435.0

37150.0

37355.0

37210.0

36902.0

37047.0

36735.0

36601.0

36767.0

36995.0

36872.0

36981.0

37090.0

37216.0

37257.0

37111.0

37082.0

37220.0

37270.0

37288.0

37436.0

37339.0

37599.0

37580.0

37856.0

37928.0

38310.0

38343.0

38677.0

37875.0

38114.0

38431.0

38169.0

37912.0

37803.0

37742.0

37825.0

37611.0

37925.0

37945.0

38083.0

37994.0

38069.0

38246.0

38349.0

38274.0

39061.0

39073.0

39069.0

39258.0

39093.0

39253.0

39637.0

40080.0

39937.0

39818.0

39889.0

39793.0

39782.0

39983.0

40110.0

39933.0

39525.0

39705.0

39880.0

39792.0

39524.0

39738.0

39804.0

40156.0

40190.0

40369.0

40703.0

40687.0

39978.0

39803.0

39602.0

39769.0

39651.0

39591.0

39788.0

39829.0

39820.0

40182.0

39241.0

39356.0

40185.0

40425.0

40405.0

40141.0

40020.0

39986.0

40080.0

40158.0

39968.0

39756.0

39907.0

40123.0

39782.0

39601.0

39590.0

39810.0

39927.0

39757.0

39665.0

39743.0

40084.0

39857.0

40153.0

40158.0

40109.0

40055.0

40048.0

39853.0

40015.0

40110.0

40267.0

40361.0

40217.0

40220.0

39776.0

39657.0

39691.0

39870.0

39876.0

39940.0

39869.0

40064.0

39947.0

39893.0

39851.0

39824.0

39746.0

39672.0

39503.0

39621.0

39546.0

39694.0

39801.0

39736.0

39597.0

39714.0

39803.0

39926.0

40146.0

39899.0

40007.0

40011.0

40045.0

40211.0

40130.0

40032.0

40069.0

39919.0

39798.0

39760.0

39761.0

39699.0

39798.0

39865.0

39860.0

39714.0

39098.0

38646.0

38566.0

38691.0

38886.0

38852.0

38837.0

38841.0

38843.0

38770.0

38955.0

39068.0

39031.0

38995.0

39101.0

39035.0

39041.0

39052.0

39059.0

39022.0

39136.0

39170.0

39319.0

40023.0

40286.0

40970.0

41396.0

41231.0

41193.0

41504.0

41646.0

41984.0

41756.0

41847.0

41908.0

41942.0

41976.0

42034.0

41843.0

41665.0

41692.0

41733.0

41482.0

41588.0

41491.0

41620.0

41567.0

41685.0

41741.0

41784.0

41618.0

41689.0

41852.0

41807.0

41622.0

41643.0

41553.0

41609.0

41483.0

41377.0

41365.0

41540.0

41520.0

41583.0

41376.0

41356.0

41277.0

41221.0

41405.0

41347.0

41366.0

41247.0

41704.0

41658.0

41828.0

41798.0

41873.0

41919.0

41810.0

41481.0

41687.0

41845.0

41761.0

41727.0

41738.0

41965.0

42333.0

42389.0

42247.0

41843.0

41927.0

41782.0

41727.0

41766.0

41816.0

41776.0

41757.0

41859.0

41870.0

41803.0

41719.0

41476.0

41595.0

41723.0

41737.0

41549.0

41478.0

41503.0

41381.0

41389.0

41461.0

41173.0

40906.0

41191.0

40992.0

41051.0

41200.0

40939.0

41458.0

41474.0

41215.0

41177.0

41120.0

41136.0

40251.0

40385.0

39895.0

40061.0

39669.0

39667.0

39746.0

39633.0

39747.0

39862.0

39779.0

39752.0

39762.0

39747.0

39818.0

39705.0

39936.0

40345.0

40095.0

39970.0

39647.0

39549.0

39549.0

39669.0

39756.0

39547.0

39567.0

39336.0

39300.0

39239.0

39492.0

39675.0

39614.0

39764.0

39723.0

39785.0

39809.0

39735.0

39783.0

39661.0

39720.0

39717.0

39443.0

38934.0

38864.0

39011.0

39260.0

39305.0

39448.0

39496.0

39408.0

38926.0

39619.0

39204.0

39042.0

39011.0

39018.0

38991.0

38675.0

38703.0

38648.0

38197.0

38273.0

38418.0

38418.0

38449.0

38634.0

38489.0

38604.0

38490.0

38561.0

38633.0

38767.0

38687.0

38533.0

38265.0

38354.0

38526.0

38609.0

38527.0

38563.0

38191.0

38215.0

38077.0

38259.0

38455.0

38230.0

37978.0

38081.0

38229.0

38296.0

38006.0

38049.0

38205.0

38263.0

38416.0

38411.0

38536.0

38382.0

38119.0

38265.0

38474.0

38452.0

38324.0

38228.0

38109.0

38068.0

37936.0

37985.0

38183.0

38125.0

37916.0

38132.0

37854.0

37792.0

37940.0

37733.0

37838.0

37876.0

37825.0

37938.0

38162.0

38205.0

38394.0

38525.0

38914.0

39219.0

39069.0

39066.0

39469.0

39332.0

39508.0

39550.0

39418.0

39387.0

39717.0

39626.0

39663.0

39700.0

39776.0

39697.0

39895.0

39860.0

39945.0

39841.0

39715.0

39804.0

39845.0

39746.0

39422.0

39403.0

39472.0

39353.0

39467.0

39399.0

39529.0

39441.0

39479.0

39409.0

39352.0

39088.0

39030.0

38895.0

38956.0

38833.0

38620.0

38184.0

38238.0

38056.0

38237.0

38101.0

38145.0

37873.0

37855.0

37898.0

38314.0

38830.0

39271.0

39035.0

39294.0

39473.0

40132.0

40428.0

40551.0

40880.0

41281.0

40802.0

40967.0

40927.0

40855.0

40897.0

40939.0

40958.0

41059.0

40915.0

40825.0

40392.0

40134.0

40510.0

40405.0

40362.0

40557.0

40281.0

40137.0

40093.0

40277.0

40492.0

40965.0

40830.0

40863.0

40880.0

40917.0

41030.0

40876.0

40663.0

40556.0

40764.0

40630.0

40628.0

40881.0

40759.0

40960.0

40896.0

40815.0

40857.0

40952.0

41810.0

42780.0

42508.0

42615.0

42987.0

42793.0

42876.0

42899.0

42964.0

42853.0

42781.0

42613.0

42643.0

42630.0

42636.0

42715.0

42812.0

42838.0

42935.0

42940.0

43137.0

43215.0

43265.0

43298.0

43328.0

43871.0

43594.0

43372.0

43607.0

43504.0

43200.0

43153.0

43234.0

43337.0

43391.0

43540.0

43741.0

43809.0

43672.0

43506.0

43754.0

44339.0

43924.0

43344.0

43475.0

43403.0

43572.0

43596.0

43510.0

43027.0

43459.0

43569.0

43433.0

43412.0

43555.0

43713.0

43542.0

43756.0

43980.0

44136.0

44095.0

43808.0

44116.0

44189.0

44491.0

44695.0

44320.0

44284.0

43981.0

44005.0

43988.0

44094.0

44160.0

44384.0

44284.0

44429.0

44685.0

44729.0

45176.0

45125.0

44959.0

44965.0

44713.0

44748.0

44727.0

44623.0

44303.0

44434.0

44542.0

44623.0

44842.0

44938.0

44732.0

44686.0

44170.0

44072.0

44090.0

44278.0

44020.0

43653.0

43907.0

43777.0

43737.0

43441.0

43771.0

43901.0

43795.0

43927.0

44170.0

44479.0

44315.0

44407.0

43833.0

43491.0

43219.0

42933.0

43164.0

43266.0

43368.0

43414.0

43591.0

43441.0

43582.0

43710.0

43588.0

43502.0

43502.0

43621.0

43657.0

43739.0

43777.0

44090.0

44668.0

45142.0

45536.0

45769.0

45700.0

45728.0

45679.0

45747.0

45805.0

45995.0

45774.0

45865.0

45918.0

45816.0

45815.0

45840.0

45865.0

45927.0

46360.0

46354.0

46195.0

46245.0

45880.0

45406.0

45929.0

